Energy (MeV/u)1	0 - [He-base] F.Hubert et al, AD&ND Tables 46(1990)1	Energy (MeV/u)2	1 - [H -base] J.F.Ziegler et al, Pergamon Press, NY (low energy)	Energy (MeV/u)3	2 - ATIMA 1.2  LS-theory (recommended for high energy)	Energy (MeV/u)4	3 - ATIMA 1.2  without LS-correction	Energy (MeV/u)5	4 - electrical component of [1] - J.F.Ziegler et al	Energy (MeV/u)6	5 - nuclear component of [1] - J.F.Ziegler et al	
0.001000	5.14961   	0.001000	5.58642   	0.001000	5.63945   	0.001000	5.63945   	0.001000	1.48565   	0.001000	4.10077   	
0.002000	5.23849   	0.002000	5.28678   	0.002000	5.53611   	0.002000	5.53611   	0.002000	1.92665   	0.002000	3.36013   	
0.005000	5.52546   	0.005000	4.96401   	0.005000	5.68783   	0.005000	5.68783   	0.005000	2.71663   	0.005000	2.24738   	
0.008000	5.87576   	0.008000	4.97632   	0.008000	6.08794   	0.008000	6.08794   	0.008000	3.24023   	0.008000	1.7361    	
0.010000	6.10919   	0.010000	5.04329   	0.010000	6.38576   	0.010000	6.38576   	0.010000	3.52303   	0.010000	1.52026   	
0.015000	6.96986   	0.015000	5.27871   	0.015000	7.13611   	0.015000	7.13611   	0.015000	4.10158   	0.015000	1.17713   	
0.020000	7.78122   	0.020000	5.54073   	0.020000	7.85274   	0.020000	7.85274   	0.020000	4.56881   	0.020000	0.971918  	
0.025000	8.73365   	0.025000	5.84776   	0.025000	8.52304   	0.025000	8.52304   	0.025000	5.01427   	0.025000	0.833485  	
0.030000	9.60369   	0.030000	7.01837   	0.030000	9.25223   	0.030000	9.25223   	0.030000	6.29226   	0.030000	0.726106  	
0.035000	10.3685   	0.035000	8.1763    	0.035000	9.98858   	0.035000	9.98858   	0.035000	7.52602   	0.035000	0.650277  	
0.040000	11.0263   	0.040000	9.27742   	0.040000	10.7202   	0.040000	10.7202   	0.040000	8.68728   	0.040000	0.59014   	
0.045000	11.5633   	0.045000	10.3123   	0.045000	11.4445   	0.045000	11.4445   	0.045000	9.77111   	0.045000	0.541149  	
0.050000	11.9288   	0.050000	11.2863   	0.050000	12.1593   	0.050000	12.1593   	0.050000	10.7859   	0.050000	0.500383  	
0.055000	12.557    	0.055000	12.2098   	0.055000	12.863    	0.055000	12.863    	0.055000	11.744    	0.055000	0.465871  	
0.060000	13.1171   	0.060000	13.0425   	0.060000	13.554    	0.060000	13.554    	0.060000	12.6063   	0.060000	0.436235  	
0.070000	14.0438   	0.070000	14.5553   	0.070000	14.893    	0.070000	14.893    	0.070000	14.1674   	0.070000	0.387866  	
0.080000	15.0379   	0.080000	15.9656   	0.080000	16.1683   	0.080000	16.1683   	0.080000	15.6156   	0.080000	0.349957  	
0.090000	15.87     	0.090000	17.2824   	0.090000	17.3741   	0.090000	17.3741   	0.090000	16.9631   	0.090000	0.319363  	
0.100000	16.5758   	0.100000	18.5076   	0.100000	18.5068   	0.100000	18.5068   	0.100000	18.2135   	0.100000	0.294101  	
0.120000	17.3156   	0.120000	20.6904   	0.120000	20.5476   	0.120000	20.5476   	0.120000	20.4357   	0.120000	0.254709  	
0.140000	17.8667   	0.140000	22.5426   	0.140000	22.2933   	0.140000	22.2933   	0.140000	22.3173   	0.140000	0.225297  	
0.160000	18.3532   	0.160000	24.1077   	0.160000	23.7626   	0.160000	23.7626   	0.160000	23.9053   	0.160000	0.202422  	
0.180000	18.8327   	0.180000	25.4315   	0.180000	24.9833   	0.180000	24.9833   	0.180000	25.2474   	0.180000	0.184076  	
0.200000	19.3268   	0.200000	26.5553   	0.200000	25.9869   	0.200000	25.9869   	0.200000	26.3863   	0.200000	0.169005  	
0.250000	20.2662   	0.250000	28.9436   	0.250000	27.7499   	0.250000	27.7499   	0.250000	28.8027   	0.250000	0.140859  	
0.300000	21.3915   	0.300000	31.2328   	0.300000	28.7738   	0.300000	28.7738   	0.300000	31.1116   	0.300000	0.121232  	
0.350000	22.3296   	0.350000	32.8117   	0.350000	29.3554   	0.350000	29.3554   	0.350000	32.705    	0.350000	0.106703  	
0.400000	23.0993   	0.400000	33.9003   	0.400000	29.6793   	0.400000	29.6793   	0.400000	33.8049   	0.400000	0.0954801 	
0.450000	23.9492   	0.450000	34.9113   	0.450000	30.9159   	0.450000	30.9159   	0.450000	34.8247   	0.450000	0.0865292 	
0.500000	24.6912   	0.500000	35.82     	0.500000	31.8967   	0.500000	31.8967   	0.500000	35.7408   	0.500000	0.0792112 	
0.600000	24.8948   	0.600000	36.9264   	0.600000	32.7559   	0.600000	32.7559   	0.600000	36.8585   	0.600000	0.0679343 	
0.700000	24.6286   	0.700000	37.4076   	0.700000	32.7058   	0.700000	32.7058   	0.700000	37.3479   	0.700000	0.0596244 	
0.800000	24.5813   	0.800000	36.8204   	0.800000	32.5285   	0.800000	32.5285   	0.800000	36.7671   	0.800000	0.0532287 	
0.900000	24.4291   	0.900000	36.057    	0.900000	32.2751   	0.900000	32.2751   	0.900000	36.0088   	0.900000	0.0481435 	
1.000000	24.2339   	1.000000	35.3181   	1.000000	31.9719   	1.000000	31.9719   	1.000000	35.2741   	1.000000	0.0439965 	
1.250000	23.5597   	1.250000	33.5687   	1.250000	31.0157   	1.250000	31.0157   	1.250000	33.5324   	1.250000	0.0363281 	
1.500000	22.7826   	1.500000	31.9313   	1.500000	29.746    	1.500000	29.746    	1.500000	31.9002   	1.500000	0.0310434 	
1.750000	22.0707   	1.750000	30.557    	1.750000	28.6071   	1.750000	28.6071   	1.750000	30.5298   	1.750000	0.0271666 	
2.000000	21.3658   	2.000000	29.307    	2.000000	27.5631   	2.000000	27.5631   	2.000000	29.2828   	2.000000	0.0241938 	
2.250000	20.6868   	2.250000	28.1202   	2.250000	26.5962   	2.250000	26.5962   	2.250000	28.0983   	2.250000	0.0218372 	
2.500000	22.9346   	2.500000	27.0197   	2.500000	25.6957   	2.500000	25.6957   	2.500000	26.9998   	2.500000	0.0199204 	
3.000000	21.3099   	3.000000	24.999    	3.000000	24.0659   	3.000000	24.0659   	3.000000	24.982    	3.000000	0.0169853 	
3.500000	19.8785   	3.500000	23.2906   	3.500000	22.6302   	3.500000	22.6302   	3.500000	23.2758   	3.500000	0.0148379 	
4.000000	18.622    	4.000000	21.8515   	4.000000	21.3563   	4.000000	21.3563   	4.000000	21.8383   	4.000000	0.0131946 	
4.500000	17.5162   	4.500000	20.5843   	4.500000	20.2191   	4.500000	20.2191   	4.500000	20.5724   	4.500000	0.0118944 	
5.000000	16.5381   	5.000000	19.4555   	5.000000	19.1978   	5.000000	19.1978   	5.000000	19.4446   	5.000000	0.0108384 	
5.500000	15.6681   	5.500000	18.4441   	5.500000	18.2758   	5.500000	18.2758   	5.500000	18.4342   	5.500000	0.00996287	
6.000000	14.8897   	6.000000	17.5332   	6.000000	17.4394   	6.000000	17.4394   	6.000000	17.5239   	6.000000	0.0092245 	
6.500000	14.1895   	6.500000	16.7084   	6.500000	16.6771   	6.500000	16.6771   	6.500000	16.6998   	6.500000	0.00859293	
7.000000	13.5564   	7.000000	15.9582   	7.000000	15.9794   	7.000000	15.9794   	7.000000	15.9501   	7.000000	0.00804622	
7.500000	12.9812   	7.500000	15.2728   	7.500000	15.3385   	7.500000	15.3385   	7.500000	15.2652   	7.500000	0.00756808	
8.000000	12.4562   	8.000000	14.6442   	8.000000	14.7476   	8.000000	14.7476   	8.000000	14.6371   	8.000000	0.00714618	
8.500000	11.9751   	8.500000	14.0656   	8.500000	14.2011   	8.500000	14.2011   	8.500000	14.0588   	8.500000	0.006771  	
9.000000	11.5327   	9.000000	13.5311   	9.000000	13.6941   	9.000000	13.6941   	9.000000	13.5247   	9.000000	0.00643506	
9.500000	11.1243   	9.500000	13.0359   	9.500000	13.2225   	9.500000	13.2225   	9.500000	13.0298   	9.500000	0.00613243	
10.000000	10.7462   	10.000000	12.0527   	10.000000	12.7825   	10.000000	12.7825   	10.000000	12.0468   	10.000000	0.0058583 	
11.000000	10.0679   	11.000000	11.412    	11.000000	11.9469   	11.000000	11.9961   	11.000000	11.4066   	11.000000	0.00538061	
12.000000	9.47681   	12.000000	10.8348   	12.000000	11.2189   	12.000000	11.3047   	12.000000	10.8298   	12.000000	0.00497816	
13.000000	8.95679   	13.000000	10.3131   	13.000000	10.5793   	13.000000	10.6924   	13.000000	10.3085   	13.000000	0.00463423	
14.000000	8.49559   	14.000000	9.83986   	14.000000	10.0136   	14.000000	10.1469   	14.000000	9.83552   	14.000000	0.00433675	
15.000000	8.08362   	15.000000	9.40896   	15.000000	9.50984   	15.000000	9.65801   	15.000000	9.40489   	15.000000	0.00407677	
16.000000	7.71328   	16.000000	9.01521   	16.000000	9.05865   	16.000000	9.21774   	16.000000	9.01136   	16.000000	0.00384752	
17.000000	7.37846   	17.000000	8.65416   	17.000000	8.6524    	17.000000	8.81946   	17.000000	8.65051   	17.000000	0.00364379	
18.000000	7.0742    	18.000000	8.322     	18.000000	8.2851    	18.000000	8.45768   	18.000000	8.31854   	18.000000	0.00346147	
19.000000	6.79643   	19.000000	8.01548   	19.000000	7.95182   	19.000000	8.12785   	19.000000	8.01218   	19.000000	0.00329732	
20.000000	6.54179   	20.000000	7.73179   	20.000000	7.64842   	20.000000	7.82614   	20.000000	7.72865   	20.000000	0.0031487 	
21.000000	6.30745   	21.000000	7.46852   	21.000000	7.37115   	21.000000	7.54933   	21.000000	7.46551   	21.000000	0.00301348	
22.000000	6.09103   	22.000000	7.22357   	22.000000	7.11672   	22.000000	7.29465   	22.000000	7.22068   	22.000000	0.0028899 	
23.000000	5.89053   	23.000000	6.99511   	23.000000	6.8826    	23.000000	7.05973   	23.000000	6.99233   	23.000000	0.00277649	
24.000000	5.70421   	24.000000	6.78155   	24.000000	6.66681   	24.000000	6.84255   	24.000000	6.77887   	24.000000	0.00267204	
25.000000	5.53061   	25.000000	6.58148   	25.000000	6.46759   	25.000000	6.64133   	25.000000	6.57891   	25.000000	0.0025755 	
27.000000	5.21657   	27.000000	6.21707   	27.000000	6.11274   	27.000000	6.2808    	27.000000	6.21467   	27.000000	0.00240278	
29.000000	4.94003   	29.000000	5.89365   	29.000000	5.80646   	29.000000	5.96796   	29.000000	5.89139   	29.000000	0.00225268	
31.000000	4.69456   	31.000000	5.60469   	31.000000	5.53117   	31.000000	5.67891   	31.000000	5.60257   	31.000000	0.00212097	
33.000000	4.4751    	33.000000	5.34499   	33.000000	5.27731   	33.000000	5.40639   	33.000000	5.34298   	33.000000	0.00200443	
35.000000	4.27768   	35.000000	5.11033   	35.000000	5.04866   	35.000000	5.16118   	35.000000	5.10843   	35.000000	0.00190054	
38.000000	4.01597   	38.000000	4.79793   	38.000000	4.74318   	38.000000	4.83619   	38.000000	4.79616   	38.000000	0.00176421	
41.000000	3.78829   	41.000000	4.52503   	41.000000	4.4765    	41.000000	4.55363   	41.000000	4.52339   	41.000000	0.00164686	
44.000000	3.5883    	44.000000	4.28461   	44.000000	4.24121   	44.000000	4.30567   	44.000000	4.28306   	44.000000	0.00154474	
47.000000	3.41115   	47.000000	4.07118   	47.000000	4.03237   	47.000000	4.0863    	47.000000	4.06972   	47.000000	0.00145503	
50.000000	3.25309   	50.000000	3.88045   	50.000000	3.84596   	50.000000	3.89083   	50.000000	3.87907   	50.000000	0.00137557	
55.000000	3.02422   	55.000000	3.60395   	55.000000	3.57465   	55.000000	3.6084    	55.000000	3.60269   	55.000000	0.0012615 	
60.000000	2.82992   	60.000000	3.36907   	60.000000	3.3447    	60.000000	3.36929   	60.000000	3.3679    	60.000000	0.00116556	
65.000000	2.66277   	65.000000	3.16704   	65.000000	3.14624   	65.000000	3.1642    	65.000000	3.16596   	65.000000	0.0010837 	
70.000000	2.51736   	70.000000	2.99142   	70.000000	2.97368   	70.000000	2.98632   	70.000000	2.9904    	70.000000	0.001013  	
75.000000	2.38964   	75.000000	2.83732   	75.000000	2.82221   	75.000000	2.83055   	75.000000	2.83637   	75.000000	0.000951294	
80.000000	2.27649   	80.000000	2.70101   	80.000000	2.68834   	80.000000	2.69298   	80.000000	2.70011   	80.000000	0.000896948	
85.000000	2.17553   	85.000000	2.57957   	85.000000	2.5688    	85.000000	2.57059   	85.000000	2.57872   	85.000000	0.000848705	
90.000000	2.08483   	90.000000	2.47068   	90.000000	2.46135   	90.000000	2.46097   	90.000000	2.46987   	90.000000	0.000805578	
95.000000	2.00288   	95.000000	2.37248   	95.000000	2.36451   	95.000000	2.36222   	95.000000	2.37172   	95.000000	0.000766784	
100.000000	1.92845   	100.000000	2.28347   	100.000000	2.27675   	100.000000	2.2728    	100.000000	2.28274   	100.000000	0.000731694	
105.000000	1.86052   	105.000000	2.20241   	105.000000	2.19686   	105.000000	2.19142   	105.000000	2.20171   	105.000000	0.000699795	
110.000000	1.79827   	110.000000	2.12828   	110.000000	2.12362   	110.000000	2.11706   	110.000000	2.12761   	110.000000	0.000670665	
115.000000	1.74098   	115.000000	2.06021   	115.000000	2.05635   	115.000000	2.04883   	115.000000	2.05957   	115.000000	0.000643955	
120.000000	1.68808   	120.000000	1.9975    	120.000000	1.99439   	120.000000	1.986     	120.000000	1.99688   	120.000000	0.00061937	
125.000000	1.63907   	125.000000	1.93953   	125.000000	1.93714   	125.000000	1.92796   	125.000000	1.93893   	125.000000	0.000596664	
130.000000	1.59353   	130.000000	1.88578   	130.000000	1.88406   	130.000000	1.87417   	130.000000	1.8852    	130.000000	0.000575627	
135.000000	1.55109   	135.000000	1.8358    	135.000000	1.83455   	135.000000	1.82419   	135.000000	1.83524   	135.000000	0.000556078	
140.000000	1.51144   	140.000000	1.78921   	140.000000	1.78851   	140.000000	1.77762   	140.000000	1.78868   	140.000000	0.000537864	
145.000000	1.4743    	145.000000	1.74568   	145.000000	1.74554   	145.000000	1.73413   	145.000000	1.74516   	145.000000	0.00052085	
150.000000	1.43944   	150.000000	1.70491   	150.000000	1.70518   	150.000000	1.69341   	150.000000	1.70441   	150.000000	0.00050492	
155.000000	1.39023   	155.000000	1.66665   	155.000000	1.66729   	155.000000	1.65522   	155.000000	1.66616   	155.000000	0.000489972	
160.000000	1.36144   	160.000000	1.63067   	160.000000	1.6317    	160.000000	1.61932   	160.000000	1.63019   	160.000000	0.000475918	
165.000000	1.33429   	165.000000	1.59677   	165.000000	1.59818   	165.000000	1.58552   	165.000000	1.59631   	165.000000	0.000462677	
170.000000	1.30862   	170.000000	1.56478   	170.000000	1.56645   	170.000000	1.55363   	170.000000	1.56433   	170.000000	0.000450181	
175.000000	1.28433   	175.000000	1.53454   	175.000000	1.53645   	175.000000	1.5235    	175.000000	1.53411   	175.000000	0.000438368	
180.000000	1.26129   	180.000000	1.50592   	180.000000	1.50814   	180.000000	1.49499   	180.000000	1.50549   	180.000000	0.000427183	
185.000000	1.23943   	185.000000	1.47877   	185.000000	1.48131   	185.000000	1.46797   	185.000000	1.47836   	185.000000	0.000416576	
190.000000	1.21864   	190.000000	1.453     	190.000000	1.45576   	190.000000	1.44232   	190.000000	1.4526    	190.000000	0.000406502	
195.000000	1.19885   	195.000000	1.4285    	195.000000	1.43145   	195.000000	1.41795   	195.000000	1.42811   	195.000000	0.000396923	
200.000000	1.17999   	200.000000	1.40518   	200.000000	1.40834   	200.000000	1.39477   	200.000000	1.4048    	200.000000	0.000387802	
210.000000	1.14481   	210.000000	1.36176   	210.000000	1.36547   	210.000000	1.35163   	210.000000	1.36139   	210.000000	0.000370807	
220.000000	1.11263   	220.000000	1.32215   	220.000000	1.32629   	220.000000	1.31231   	220.000000	1.32179   	220.000000	0.000355292	
230.000000	1.0831    	230.000000	1.28587   	230.000000	1.29039   	230.000000	1.27633   	230.000000	1.28553   	230.000000	0.000341068	
240.000000	1.05589   	240.000000	1.25253   	240.000000	1.25741   	240.000000	1.2433    	240.000000	1.25221   	240.000000	0.000327981	
250.000000	1.03075   	250.000000	1.22179   	250.000000	1.22696   	250.000000	1.21286   	250.000000	1.22147   	250.000000	0.000315896	
260.000000	1.00743   	260.000000	1.19335   	260.000000	1.19884   	260.000000	1.18473   	260.000000	1.19304   	260.000000	0.000304702	
270.000000	0.985759  	270.000000	1.16697   	270.000000	1.17283   	270.000000	1.15866   	270.000000	1.16667   	270.000000	0.000294302	
280.000000	0.96556   	280.000000	1.14243   	280.000000	1.14864   	280.000000	1.13444   	280.000000	1.14214   	280.000000	0.000284614	
290.000000	0.946689  	290.000000	1.11955   	290.000000	1.12601   	290.000000	1.11187   	290.000000	1.11927   	290.000000	0.000275566	
300.000000	0.92902   	300.000000	1.09817   	300.000000	1.10494   	300.000000	1.09081   	300.000000	1.09791   	300.000000	0.000267096	
310.000000	0.912443  	310.000000	1.07815   	310.000000	1.08525   	310.000000	1.0711    	310.000000	1.07789   	310.000000	0.00025915	
320.000000	0.896859  	320.000000	1.05937   	320.000000	1.0667    	320.000000	1.05263   	320.000000	1.05912   	320.000000	0.000251681	
330.000000	0.882184  	330.000000	1.04171   	330.000000	1.04935   	330.000000	1.03528   	330.000000	1.04147   	330.000000	0.000244645	
340.000000	0.868341  	340.000000	1.02509   	340.000000	1.03304   	340.000000	1.01896   	340.000000	1.02485   	340.000000	0.000238005	
350.000000	0.855263  	350.000000	1.00941   	350.000000	1.01761   	350.000000	1.00358   	350.000000	1.00918   	350.000000	0.00023173	
360.000000	0.842888  	360.000000	0.9946    	360.000000	1.00303   	360.000000	0.98907   	360.000000	0.994374  	360.000000	0.000225789	
370.000000	0.831163  	370.000000	0.98059   	370.000000	0.98927   	370.000000	0.975356  	370.000000	0.98037   	370.000000	0.000220155	
380.000000	0.820038  	380.000000	0.96732   	380.000000	0.976232  	380.000000	0.962378  	380.000000	0.967105  	380.000000	0.000214806	
390.000000	0.809471  	390.000000	0.954735  	390.000000	0.963888  	390.000000	0.95008   	390.000000	0.954525  	390.000000	0.00020972	
400.000000	0.799421  	400.000000	0.942784  	400.000000	0.952219  	400.000000	0.938413  	400.000000	0.942579  	400.000000	0.000204878	
410.000000	0.789852  	410.000000	0.931423  	410.000000	0.941141  	410.000000	0.927332  	410.000000	0.931222  	410.000000	0.000200263	
420.000000	0.780732  	420.000000	0.92061   	420.000000	0.93057   	420.000000	0.916795  	420.000000	0.920414  	420.000000	0.000195858	
430.000000	0.772031  	430.000000	0.91031   	430.000000	0.920486  	430.000000	0.906766  	430.000000	0.910118  	430.000000	0.00019165	
440.000000	0.763721  	440.000000	0.900487  	440.000000	0.910882  	440.000000	0.897211  	440.000000	0.900299  	440.000000	0.000187625	
450.000000	0.755779  	450.000000	0.891111  	450.000000	0.901728  	450.000000	0.888098  	450.000000	0.890927  	450.000000	0.000183772	
460.000000	0.748181  	460.000000	0.882154  	460.000000	0.892988  	460.000000	0.879399  	460.000000	0.881974  	460.000000	0.00018008	
470.000000	0.740907  	470.000000	0.873589  	470.000000	0.884636  	470.000000	0.871088  	470.000000	0.873413  	470.000000	0.000176538	
480.000000	0.733937  	480.000000	0.865394  	480.000000	0.87665   	480.000000	0.863142  	480.000000	0.865221  	480.000000	0.000173138	
490.000000	0.727253  	490.000000	0.857545  	490.000000	0.869007  	490.000000	0.855538  	490.000000	0.857376  	490.000000	0.000169871	
500.000000	0.72084   	500.000000	0.850024  	500.000000	0.861688  	500.000000	0.848256  	500.000000	0.849857  	500.000000	0.00016673	
520.000000	0.708766  	520.000000	0.835887  	520.000000	0.847946  	520.000000	0.834586  	520.000000	0.835726  	520.000000	0.000160795	
540.000000	0.697606  	540.000000	0.822851  	540.000000	0.835289  	540.000000	0.821998  	540.000000	0.822696  	540.000000	0.000155282	
560.000000	0.687267  	560.000000	0.810801  	560.000000	0.823604  	560.000000	0.810377  	560.000000	0.810651  	560.000000	0.000150148	
580.000000	0.677669  	580.000000	0.799638  	580.000000	0.812791  	580.000000	0.799625  	580.000000	0.799492  	580.000000	0.000145354	
600.000000	0.668741  	600.000000	0.789275  	600.000000	0.80276   	600.000000	0.789655  	600.000000	0.789134  	600.000000	0.000140866	
620.000000	0.660423  	620.000000	0.779637  	620.000000	0.793443  	620.000000	0.780392  	620.000000	0.7795    	620.000000	0.000136657	
640.000000	0.652659  	640.000000	0.770658  	640.000000	0.784776  	640.000000	0.77177   	640.000000	0.770525  	640.000000	0.000132701	
660.000000	0.645402  	660.000000	0.762279  	660.000000	0.776674  	660.000000	0.76373   	660.000000	0.76215   	660.000000	0.000128975	
680.000000	0.63861   	680.000000	0.75445   	680.000000	0.769076  	680.000000	0.756222  	680.000000	0.754324  	680.000000	0.00012546	
700.000000	0.632245  	700.000000	0.747124  	700.000000	0.761977  	700.000000	0.7492    	700.000000	0.747001  	700.000000	0.000122138	
720.000000	0.626273  	720.000000	0.740259  	720.000000	0.755355  	720.000000	0.742623  	720.000000	0.74014   	720.000000	0.000118993	
740.000000	0.620664  	740.000000	0.733821  	740.000000	0.749153  	740.000000	0.736456  	740.000000	0.733705  	740.000000	0.000116011	
760.000000	0.615392  	760.000000	0.727776  	760.000000	0.743322  	760.000000	0.730664  	760.000000	0.727662  	760.000000	0.000113181	
780.000000	0.610431  	780.000000	0.722094  	780.000000	0.73784   	780.000000	0.72522   	780.000000	0.721983  	780.000000	0.00011049	
800.000000	0.605759  	800.000000	0.716749  	800.000000	0.732685  	800.000000	0.720097  	800.000000	0.716641  	800.000000	0.000107928	
820.000000	0.601357  	820.000000	0.711716  	820.000000	0.727827  	820.000000	0.715271  	820.000000	0.711611  	820.000000	0.000105486	
840.000000	0.597206  	840.000000	0.706975  	840.000000	0.723234  	840.000000	0.71072   	840.000000	0.706872  	840.000000	0.000103156	
860.000000	0.59329   	860.000000	0.702505  	860.000000	0.718884  	860.000000	0.706426  	860.000000	0.702404  	860.000000	0.000100931	
880.000000	0.589594  	880.000000	0.698288  	880.000000	0.71477   	880.000000	0.70237   	880.000000	0.698189  	880.000000	9.88023e-05	
900.000000	0.586104  	900.000000	0.694308  	900.000000	0.710889  	900.000000	0.698535  	900.000000	0.694211  	900.000000	9.67649e-05	
920.000000	0.582807  	920.000000	0.690549  	920.000000	0.70723   	920.000000	0.694908  	920.000000	0.690454  	920.000000	9.48127e-05	
940.000000	0.579691  	940.000000	0.686998  	940.000000	0.703773  	940.000000	0.691475  	940.000000	0.686905  	940.000000	9.29403e-05	
960.000000	0.576747  	960.000000	0.683643  	960.000000	0.700501  	960.000000	0.688222  	960.000000	0.683551  	960.000000	9.1143e-05	
980.000000	0.573963  	980.000000	0.68047   	980.000000	0.697399  	980.000000	0.685139  	980.000000	0.680381  	980.000000	8.94162e-05	
1000.000000	0.571332  	1000.000000	0.67747   	1000.000000	0.694454  	1000.000000	0.682216  	1000.000000	0.677382  	1000.000000	8.77559e-05	
1020.000000	0.568844  	1020.000000	0.674633  	1020.000000	0.691653  	1020.000000	0.679442  	1020.000000	0.674547  	1020.000000	8.61581e-05	
1040.000000	0.566492  	1040.000000	0.671949  	1040.000000	0.688986  	1040.000000	0.676808  	1040.000000	0.671865  	1040.000000	8.46195e-05	
1060.000000	0.564268  	1060.000000	0.669411  	1060.000000	0.686447  	1060.000000	0.674307  	1060.000000	0.669328  	1060.000000	8.31368e-05	
1080.000000	0.562167  	1080.000000	0.667009  	1080.000000	0.684032  	1080.000000	0.67193   	1080.000000	0.666927  	1080.000000	8.17068e-05	
1100.000000	0.560181  	1100.000000	0.664737  	1100.000000	0.681738  	1100.000000	0.669671  	1100.000000	0.664657  	1100.000000	8.03269e-05	
1120.000000	0.558305  	1120.000000	0.662588  	1120.000000	0.67956   	1120.000000	0.667523  	1120.000000	0.662509  	1120.000000	7.89944e-05	
1140.000000	0.556533  	1140.000000	0.660556  	1140.000000	0.677494  	1140.000000	0.665479  	1140.000000	0.660478  	1140.000000	7.77069e-05	
1160.000000	0.554861  	1160.000000	0.658635  	1160.000000	0.675532  	1160.000000	0.663534  	1160.000000	0.658558  	1160.000000	7.64621e-05	
1180.000000	0.553283  	1180.000000	0.656818  	1180.000000	0.673666  	1180.000000	0.661683  	1180.000000	0.656743  	1180.000000	7.52579e-05	
1200.000000	0.551796  	1200.000000	0.655102  	1200.000000	0.671891  	1200.000000	0.659921  	1200.000000	0.655028  	1200.000000	7.40924e-05	
1220.000000	0.550395  	1220.000000	0.653481  	1220.000000	0.670201  	1220.000000	0.658243  	1220.000000	0.653408  	1220.000000	7.29636e-05	
1240.000000	0.549076  	1240.000000	0.65195   	1240.000000	0.668591  	1240.000000	0.656644  	1240.000000	0.651878  	1240.000000	7.18698e-05	
1260.000000	0.547835  	1260.000000	0.650506  	1260.000000	0.667055  	1260.000000	0.655122  	1260.000000	0.650435  	1260.000000	7.08095e-05	
1280.000000	0.54667   	1280.000000	0.649144  	1280.000000	0.665589  	1280.000000	0.653671  	1280.000000	0.649075  	1280.000000	6.9781e-05	
1300.000000	0.545576  	1300.000000	0.647862  	1300.000000	0.664189  	1300.000000	0.652289  	1300.000000	0.647793  	1300.000000	6.8783e-05	
1320.000000	0.544552  	1320.000000	0.646654  	1320.000000	0.662851  	1320.000000	0.650971  	1320.000000	0.646586  	1320.000000	6.78141e-05	
1340.000000	0.543593  	1340.000000	0.645518  	1340.000000	0.661573  	1340.000000	0.649715  	1340.000000	0.645451  	1340.000000	6.6873e-05	
1360.000000	0.542698  	1360.000000	0.644451  	1360.000000	0.660352  	1360.000000	0.648519  	1360.000000	0.644385  	1360.000000	6.59586e-05	
1380.000000	0.541863  	1380.000000	0.643449  	1380.000000	0.659188  	1380.000000	0.647378  	1380.000000	0.643384  	1380.000000	6.50697e-05	
1400.000000	0.541087  	1400.000000	0.642511  	1400.000000	0.658078  	1400.000000	0.646291  	1400.000000	0.642447  	1400.000000	6.42052e-05	
1420.000000	0.540366  	1420.000000	0.641633  	1420.000000	0.657022  	1420.000000	0.645255  	1420.000000	0.64157   	1420.000000	6.33642e-05	
1440.000000	0.5397    	1440.000000	0.640813  	1440.000000	0.656017  	1440.000000	0.644267  	1440.000000	0.640751  	1440.000000	6.25457e-05	
1460.000000	0.539085  	1460.000000	0.640049  	1460.000000	0.655062  	1460.000000	0.643326  	1460.000000	0.639987  	1460.000000	6.17488e-05	
1480.000000	0.538521  	1480.000000	0.639338  	1480.000000	0.654155  	1480.000000	0.64243   	1480.000000	0.639277  	1480.000000	6.09725e-05	
1500.000000	0.538004  	1500.000000	0.638678  	1500.000000	0.653291  	1500.000000	0.641576  	1500.000000	0.638618  	1500.000000	6.02163e-05	
1520.000000	0.537534  	1520.000000	0.638068  	1520.000000	0.652469  	1520.000000	0.640762  	1520.000000	0.638008  	1520.000000	5.94792e-05	
1540.000000	0.537108  	1540.000000	0.637505  	1540.000000	0.651686  	1540.000000	0.639987  	1540.000000	0.637446  	1540.000000	5.87605e-05	
1560.000000	0.536725  	1560.000000	0.636987  	1560.000000	0.65094   	1560.000000	0.63925   	1560.000000	0.636929  	1560.000000	5.80595e-05	
1580.000000	0.536384  	1580.000000	0.636513  	1580.000000	0.650228  	1580.000000	0.638548  	1580.000000	0.636456  	1580.000000	5.73757e-05	
1600.000000	0.536083  	1600.000000	0.636082  	1600.000000	0.649549  	1600.000000	0.63788   	1600.000000	0.636025  	1600.000000	5.67083e-05	
1620.000000	0.535821  	1620.000000	0.635691  	1620.000000	0.648901  	1620.000000	0.637245  	1620.000000	0.635635  	1620.000000	5.60568e-05	
1640.000000	0.535596  	1640.000000	0.63534   	1640.000000	0.648283  	1640.000000	0.636641  	1640.000000	0.635284  	1640.000000	5.54205e-05	
1660.000000	0.535407  	1660.000000	0.635026  	1660.000000	0.647694  	1660.000000	0.636067  	1660.000000	0.634971  	1660.000000	5.47991e-05	
1680.000000	0.535254  	1680.000000	0.634749  	1680.000000	0.647133  	1680.000000	0.635522  	1680.000000	0.634695  	1680.000000	5.41919e-05	
1700.000000	0.535134  	1700.000000	0.634507  	1700.000000	0.646601  	1700.000000	0.635005  	1700.000000	0.634453  	1700.000000	5.35984e-05	
1750.000000	0.534977  	1750.000000	0.634048  	1750.000000	0.645386  	1750.000000	0.633825  	1750.000000	0.633995  	1750.000000	5.2172e-05	
1800.000000	0.535009  	1800.000000	0.633784  	1800.000000	0.644328  	1800.000000	0.632796  	1800.000000	0.633733  	1800.000000	5.08219e-05	
1850.000000	0.535217  	1850.000000	0.633699  	1850.000000	0.643415  	1850.000000	0.631903  	1850.000000	0.633649  	1850.000000	4.95421e-05	
1900.000000	0.535588  	1900.000000	0.633779  	1900.000000	0.642631  	1900.000000	0.631133  	1900.000000	0.633731  	1900.000000	4.83273e-05	
1950.000000	0.536112  	1950.000000	0.634012  	1950.000000	0.641962  	1950.000000	0.630476  	1950.000000	0.633965  	1950.000000	4.71725e-05	
2000.000000	0.536777  	2000.000000	0.634387  	2000.000000	0.641394  	2000.000000	0.629921  	2000.000000	0.63434   	2000.000000	4.60734e-05	
2100.000000	0.538496  	2100.000000	0.635518  	2100.000000	0.640522  	2100.000000	0.629084  	2100.000000	0.635474  	2100.000000	4.40266e-05	
2200.000000	0.540681  	2200.000000	0.637103  	2200.000000	0.639956  	2200.000000	0.628559  	2200.000000	0.637061  	2200.000000	4.21594e-05	
2300.000000	0.543278  	2300.000000	0.639082  	2300.000000	0.639655  	2300.000000	0.628297  	2300.000000	0.639042  	2300.000000	4.04488e-05	
2400.000000	0.546243  	2400.000000	0.641405  	2400.000000	0.639582  	2400.000000	0.628257  	2400.000000	0.641367  	2400.000000	3.88757e-05	
2500.000000	0.549537  	2500.000000	0.644032  	2500.000000	0.639705  	2500.000000	0.628404  	2500.000000	0.643994  	2500.000000	3.74242e-05	
2600.000000	0.553128  	2600.000000	0.646926  	2600.000000	0.639992  	2600.000000	0.62871   	2600.000000	0.64689   	2600.000000	3.60803e-05	
2700.000000	0.556988  	2700.000000	0.650057  	2700.000000	0.640418  	2700.000000	0.629152  	2700.000000	0.650022  	2700.000000	3.48326e-05	
2800.000000	0.561093  	2800.000000	0.653401  	2800.000000	0.64096   	2800.000000	0.62971   	2800.000000	0.653367  	2800.000000	3.36708e-05	
2900.000000	0.565422  	2900.000000	0.656934  	2900.000000	0.641601  	2900.000000	0.630365  	2900.000000	0.656901  	2900.000000	3.25864e-05	
3000.000000	0.569958  	3000.000000	0.660637  	3000.000000	0.642326  	3000.000000	0.631105  	3000.000000	0.660605  	3000.000000	3.15718e-05	
3200.000000	0.579585  	3200.000000	0.668488  	3200.000000	0.643982  	3200.000000	0.63279   	3200.000000	0.668458  	3200.000000	2.97263e-05	
3400.000000	0.589868  	3400.000000	0.676843  	3400.000000	0.645851  	3400.000000	0.634686  	3400.000000	0.676815  	3400.000000	2.80907e-05	
3600.000000	0.600726  	3600.000000	0.685616  	3600.000000	0.647877  	3600.000000	0.636734  	3600.000000	0.685589  	3600.000000	2.66306e-05	
3800.000000	0.612091  	3800.000000	0.694736  	3800.000000	0.650014  	3800.000000	0.638891  	3800.000000	0.694711  	3800.000000	2.53192e-05	
4000.000000	0.623911  	4000.000000	0.704151  	4000.000000	0.652231  	4000.000000	0.641124  	4000.000000	0.704127  	4000.000000	2.41344e-05	
4200.000000	0.636142  	4200.000000	0.713815  	4200.000000	0.654499  	4200.000000	0.643407  	4200.000000	0.713792  	4200.000000	2.30588e-05	
4400.000000	0.648748  	4400.000000	0.723691  	4400.000000	0.656798  	4400.000000	0.645721  	4400.000000	0.723669  	4400.000000	2.20776e-05	
4600.000000	0.6617    	4600.000000	0.733751  	4600.000000	0.659114  	4600.000000	0.648051  	4600.000000	0.73373   	4600.000000	2.11789e-05	
4800.000000	0.674972  	4800.000000	0.743969  	4800.000000	0.661434  	4800.000000	0.650385  	4800.000000	0.743949  	4800.000000	2.03527e-05	
5000.000000	0.688543  	5000.000000	0.754325  	5000.000000	0.66375   	5000.000000	0.652716  	5000.000000	0.754305  	5000.000000	1.95903e-05	
5250.000000	0.705901  	5250.000000	0.767436  	5250.000000	0.666629  	5250.000000	0.655611  	5250.000000	0.767417  	5250.000000	1.87163e-05	
5500.000000	0.723668  	5500.000000	0.780705  	5500.000000	0.66948   	5500.000000	0.658479  	5500.000000	0.780687  	5500.000000	1.79191e-05	
6000.000000	0.76034   	6000.000000	0.807629  	6000.000000	0.675073  	6000.000000	0.664105  	6000.000000	0.807613  	6000.000000	1.65177e-05	
6500.000000	0.798404  	6500.000000	0.834952  	6500.000000	0.680498  	6500.000000	0.669556  	6500.000000	0.834937  	6500.000000	1.53251e-05	
7000.000000	0.837752  	7000.000000	0.862571  	7000.000000	0.68574   	7000.000000	0.674818  	7000.000000	0.862557  	7000.000000	1.42975e-05	
7500.000000	0.878299  	7500.000000	0.890413  	7500.000000	0.690794  	7500.000000	0.679887  	7500.000000	0.890399  	7500.000000	1.34027e-05	
8000.000000	0.919987  	8000.000000	0.918421  	8000.000000	0.695624  	8000.000000	0.684764  	8000.000000	0.918409  	8000.000000	1.26161e-05	
8500.000000	0.962766  	8500.000000	0.946556  	8500.000000	0.700281  	8500.000000	0.689457  	8500.000000	0.946544  	8500.000000	1.19191e-05	
9000.000000	1.0066    	9000.000000	0.974786  	9000.000000	0.704789  	9000.000000	0.693972  	9000.000000	0.974775  	9000.000000	1.12972e-05	
9500.000000	1.05146   	9500.000000	1.00309   	9500.000000	0.709125  	9500.000000	0.698318  	9500.000000	1.00308   	9500.000000	1.07387e-05	
10000.000000	1.09732   	10000.000000	1.03144   	10000.000000	0.713287  	10000.000000	0.702505  	10000.000000	1.03143   	10000.000000	1.02342e-05	
11000.000000	1.19199   	11000.000000	1.08824   	11000.000000	0.72116   	11000.000000	0.710436  	11000.000000	1.08823   	11000.000000	9.35873e-06	
12000.000000	1.29048   	12000.000000	1.14511   	12000.000000	0.728512  	12000.000000	0.717832  	12000.000000	1.1451    	12000.000000	8.62477e-06	
13000.000000	1.39273   	13000.000000	1.20199   	13000.000000	0.735383  	13000.000000	0.724752  	13000.000000	1.20198   	13000.000000	8.00033e-06	
14000.000000	1.49868   	14000.000000	1.25884   	14000.000000	0.741817  	14000.000000	0.731249  	14000.000000	1.25883   	14000.000000	7.46241e-06	
15000.000000	1.60831   	15000.000000	1.31563   	15000.000000	0.747863  	15000.000000	0.737368  	15000.000000	1.31562   	15000.000000	6.99406e-06	
16000.000000	1.72159   	16000.000000	1.37236   	16000.000000	0.753569  	16000.000000	0.743149  	16000.000000	1.37235   	16000.000000	6.58248e-06	
17000.000000	1.83851   	17000.000000	1.42901   	17000.000000	0.758974  	17000.000000	0.748624  	17000.000000	1.429     	17000.000000	6.21787e-06	
18000.000000	1.95907   	18000.000000	1.48557   	18000.000000	0.764109  	18000.000000	0.753824  	18000.000000	1.48556   	18000.000000	5.89255e-06	
19000.000000	2.08325   	19000.000000	1.54204   	19000.000000	0.769     	19000.000000	0.758774  	19000.000000	1.54203   	19000.000000	5.60044e-06	
20000.000000	2.21107   	20000.000000	1.59841   	20000.000000	0.773668  	20000.000000	0.763495  	20000.000000	1.59841   	20000.000000	5.33666e-06	
21000.000000	2.34253   	21000.000000	1.65469   	21000.000000	0.77812   	21000.000000	0.768008  	21000.000000	1.65469   	21000.000000	5.09725e-06	
22000.000000	2.47764   	22000.000000	1.71088   	22000.000000	0.782351  	22000.000000	0.772329  	22000.000000	1.71087   	22000.000000	4.87896e-06	
23000.000000	2.6164    	23000.000000	1.76697   	23000.000000	0.786421  	23000.000000	0.776475  	23000.000000	1.76697   	23000.000000	4.67907e-06	
24000.000000	2.75883   	24000.000000	1.82297   	24000.000000	0.790328  	24000.000000	0.780458  	24000.000000	1.82297   	24000.000000	4.49534e-06	
25000.000000	2.90494   	25000.000000	1.87888   	25000.000000	0.79406   	25000.000000	0.78429   	25000.000000	1.87887   	25000.000000	4.32587e-06	
26000.000000	3.05475   	26000.000000	1.9347    	26000.000000	0.797651  	26000.000000	0.787982  	26000.000000	1.93469   	26000.000000	4.16905e-06	
27000.000000	3.20826   	27000.000000	1.99042   	27000.000000	0.801124  	27000.000000	0.791544  	27000.000000	1.99042   	27000.000000	4.02349e-06	
28000.000000	3.36549   	28000.000000	2.04606   	28000.000000	0.804475  	28000.000000	0.794985  	28000.000000	2.04606   	28000.000000	3.88803e-06	
29000.000000	3.52647   	29000.000000	2.10162   	29000.000000	0.807701  	29000.000000	0.798312  	29000.000000	2.10161   	29000.000000	3.76162e-06	
30000.000000	3.6912    	30000.000000	2.15709   	30000.000000	0.810812  	30000.000000	0.801533  	30000.000000	2.15709   	30000.000000	3.64339e-06	
32000.000000	4.03199   	32000.000000	2.26779   	32000.000000	0.816737  	32000.000000	0.807681  	32000.000000	2.26779   	32000.000000	3.42846e-06	
34000.000000	4.38802   	34000.000000	2.37818   	34000.000000	0.822314  	34000.000000	0.813475  	34000.000000	2.37817   	34000.000000	3.23808e-06	
36000.000000	4.75944   	36000.000000	2.48827   	36000.000000	0.827562  	36000.000000	0.818952  	36000.000000	2.48826   	36000.000000	3.06824e-06	
38000.000000	5.14639   	38000.000000	2.59807   	38000.000000	0.832503  	38000.000000	0.824146  	38000.000000	2.59807   	38000.000000	2.91577e-06	
40000.000000	5.54903   	40000.000000	2.7076    	40000.000000	0.837172  	40000.000000	0.829084  	40000.000000	2.7076    	40000.000000	2.77811e-06	
42000.000000	5.96754   	42000.000000	2.81687   	42000.000000	0.841601  	42000.000000	0.83379   	42000.000000	2.81687   	42000.000000	2.65317e-06	
44000.000000	6.40206   	44000.000000	2.92589   	44000.000000	0.84582   	44000.000000	0.838284  	44000.000000	2.92589   	44000.000000	2.53927e-06	
46000.000000	6.85278   	46000.000000	3.03467   	46000.000000	0.84985   	46000.000000	0.842585  	46000.000000	3.03467   	46000.000000	2.43499e-06	
48000.000000	7.31985   	48000.000000	3.14322   	48000.000000	0.853704  	48000.000000	0.846709  	48000.000000	3.14322   	48000.000000	2.33915e-06	
50000.000000	7.80345   	50000.000000	3.25155   	50000.000000	0.857379  	50000.000000	0.850669  	50000.000000	3.25155   	50000.000000	2.25076e-06	
