Energy (MeV/u)1	0 - [He-base] F.Hubert et al, AD&ND Tables 46(1990)1	Energy (MeV/u)2	1 - [H -base] J.F.Ziegler et al, Pergamon Press, NY (low energy)	Energy (MeV/u)3	2 - ATIMA 1.2  LS-theory (recommended for high energy)	Energy (MeV/u)4	3 - ATIMA 1.2  without LS-correction	Energy (MeV/u)5	4 - electrical component of [1] - J.F.Ziegler et al	Energy (MeV/u)6	5 - nuclear component of [1] - J.F.Ziegler et al	
0.001000	4.83717   	0.001000	5.22625   	0.001000	5.24196   	0.001000	5.24196   	0.001000	1.37832   	0.001000	3.84793   	
0.002000	4.90007   	0.002000	4.91208   	0.002000	5.09602   	0.002000	5.09602   	0.002000	1.78746   	0.002000	3.12461   	
0.005000	5.16127   	0.005000	4.58878   	0.005000	5.1854    	0.005000	5.1854    	0.005000	2.52037   	0.005000	2.0684    	
0.008000	5.49274   	0.008000	4.59723   	0.008000	5.53378   	0.008000	5.53378   	0.008000	3.00614   	0.008000	1.59108   	
0.010000	5.71406   	0.010000	4.65934   	0.010000	5.79889   	0.010000	5.79889   	0.010000	3.26852   	0.010000	1.39082   	
0.015000	6.52644   	0.015000	4.87914   	0.015000	6.47262   	0.015000	6.47262   	0.015000	3.80527   	0.015000	1.07387   	
0.020000	7.2914    	0.020000	5.12387   	0.020000	7.11905   	0.020000	7.11905   	0.020000	4.23874   	0.020000	0.885127  	
0.025000	8.18837   	0.025000	5.41016   	0.025000	7.72682   	0.025000	7.72682   	0.025000	4.65202   	0.025000	0.758138  	
0.030000	9.00278   	0.030000	6.49803   	0.030000	8.42813   	0.030000	8.42813   	0.030000	5.83806   	0.030000	0.659971  	
0.035000	9.72794   	0.035000	7.57494   	0.035000	9.1376    	0.035000	9.1376    	0.035000	6.98437   	0.035000	0.590576  	
0.040000	10.3475   	0.040000	8.60031   	0.040000	9.84392   	0.040000	9.84392   	0.040000	8.0647    	0.040000	0.535617  	
0.045000	10.8054   	0.045000	9.56527   	0.045000	10.5442   	0.045000	10.5442   	0.045000	9.07437   	0.045000	0.490894  	
0.050000	11.1505   	0.050000	10.4747   	0.050000	11.2362   	0.050000	11.2362   	0.050000	10.021    	0.050000	0.453711  	
0.055000	11.7415   	0.055000	11.3027   	0.055000	11.9181   	0.055000	11.9181   	0.055000	10.8804   	0.055000	0.422256  	
0.060000	12.2691   	0.060000	12.0536   	0.060000	12.5882   	0.060000	12.5882   	0.060000	11.6583   	0.060000	0.395263  	
0.070000	13.1434   	0.070000	13.4712   	0.070000	13.8879   	0.070000	13.8879   	0.070000	13.12     	0.070000	0.35124   	
0.080000	14.0814   	0.080000	14.7971   	0.080000	15.1268   	0.080000	15.1268   	0.080000	14.4803   	0.080000	0.316766  	
0.090000	14.8679   	0.090000	16.0385   	0.090000	16.2988   	0.090000	16.2988   	0.090000	15.7496   	0.090000	0.288965  	
0.100000	15.5362   	0.100000	17.1965   	0.100000	17.4002   	0.100000	17.4002   	0.100000	16.9304   	0.100000	0.266022  	
0.120000	16.2425   	0.120000	19.2661   	0.120000	19.3847   	0.120000	19.3847   	0.120000	19.0358   	0.120000	0.23027   	
0.140000	16.7708   	0.140000	21.029    	0.140000	21.0817   	0.140000	21.0817   	0.140000	20.8254   	0.140000	0.203596  	
0.160000	17.2374   	0.160000	22.5233   	0.160000	22.5088   	0.160000	22.5088   	0.160000	22.3405   	0.160000	0.182862  	
0.180000	17.6962   	0.180000	23.7906   	0.180000	23.6928   	0.180000	23.6928   	0.180000	23.6243   	0.180000	0.166241  	
0.200000	18.1679   	0.200000	24.8684   	0.200000	24.6644   	0.200000	24.6644   	0.200000	24.7158   	0.200000	0.152594  	
0.250000	19.1666   	0.250000	27.3758   	0.250000	26.363    	0.250000	26.363    	0.250000	27.2487   	0.250000	0.127119  	
0.300000	20.1064   	0.300000	29.3358   	0.300000	27.3376   	0.300000	27.3376   	0.300000	29.2265   	0.300000	0.109366  	
0.350000	20.896    	0.350000	30.6701   	0.350000	27.8785   	0.350000	27.8785   	0.350000	30.5739   	0.350000	0.0962312 	
0.400000	21.6979   	0.400000	31.6859   	0.400000	28.1724   	0.400000	28.1724   	0.400000	31.5998   	0.400000	0.0860886 	
0.450000	22.55     	0.450000	32.8439   	0.450000	29.2332   	0.450000	29.2332   	0.450000	32.7659   	0.450000	0.0780021 	
0.500000	23.2351   	0.500000	33.6829   	0.500000	30.0359   	0.500000	30.0359   	0.500000	33.6115   	0.500000	0.0713926 	
0.600000	23.3993   	0.600000	34.6901   	0.600000	30.984    	0.600000	30.984    	0.600000	34.6289   	0.600000	0.0612108 	
0.700000	23.0304   	0.700000	34.9871   	0.700000	30.8497   	0.700000	30.8497   	0.700000	34.9334   	0.700000	0.0537108 	
0.800000	23.2091   	0.800000	34.743    	0.800000	30.6096   	0.800000	30.6096   	0.800000	34.6951   	0.800000	0.0479401 	
0.900000	23.2457   	0.900000	34.3448   	0.900000	30.3086   	0.900000	30.3086   	0.900000	34.3014   	0.900000	0.0433529 	
1.000000	23.182    	1.000000	33.8553   	1.000000	29.9692   	1.000000	29.9692   	1.000000	33.8157   	1.000000	0.0396129 	
1.250000	22.6243   	1.250000	32.3358   	1.250000	28.8193   	1.250000	28.8193   	1.250000	32.3031   	1.250000	0.032699  	
1.500000	21.8531   	1.500000	30.7235   	1.500000	27.5927   	1.500000	27.5927   	1.500000	30.6956   	1.500000	0.027936  	
1.750000	21.0189   	1.750000	29.1727   	1.750000	26.4941   	1.750000	26.4941   	1.750000	29.1483   	1.750000	0.0244429 	
2.000000	20.1838   	2.000000	27.7375   	2.000000	25.4893   	2.000000	25.4893   	2.000000	27.7158   	2.000000	0.0217648 	
2.250000	19.4002   	2.250000	26.4006   	2.250000	24.5611   	2.250000	24.5611   	2.250000	26.381    	2.250000	0.0196423 	
2.500000	20.9811   	2.500000	25.2224   	2.500000	23.6988   	2.500000	23.6988   	2.500000	25.2044   	2.500000	0.0179162 	
3.000000	19.4464   	3.000000	23.1915   	3.000000	22.1436   	3.000000	22.1436   	3.000000	23.1763   	3.000000	0.0152735 	
3.500000	18.1044   	3.500000	21.5147   	3.500000	20.7794   	3.500000	20.7794   	3.500000	21.5013   	3.500000	0.0133405 	
4.000000	16.9327   	4.000000	20.0802   	4.000000	19.5737   	4.000000	19.5737   	4.000000	20.0683   	4.000000	0.0118615 	
4.500000	15.9055   	4.500000	18.8545   	4.500000	18.5009   	4.500000	18.5009   	4.500000	18.8438   	4.500000	0.0106915 	
5.000000	14.9999   	5.000000	17.7857   	5.000000	17.5405   	5.000000	17.5405   	5.000000	17.7759   	5.000000	0.00974141	
5.500000	14.1964   	5.500000	16.8364   	5.500000	16.6757   	5.500000	16.6757   	5.500000	16.8275   	5.500000	0.00895374	
6.000000	13.4791   	6.000000	15.9839   	6.000000	15.8932   	6.000000	15.8932   	6.000000	15.9756   	6.000000	0.00828954	
6.500000	12.8351   	6.500000	15.214    	6.500000	15.1815   	6.500000	15.1815   	6.500000	15.2063   	6.500000	0.00772147	
7.000000	12.2537   	7.000000	14.5153   	7.000000	14.5316   	7.000000	14.5316   	7.000000	14.5081   	7.000000	0.00722975	
7.500000	11.7262   	7.500000	13.8783   	7.500000	13.9356   	7.500000	13.9356   	7.500000	13.8715   	7.500000	0.00679975	
8.000000	11.2454   	8.000000	13.2952   	8.000000	13.3871   	8.000000	13.3871   	8.000000	13.2887   	8.000000	0.00642035	
8.500000	10.8054   	8.500000	12.7592   	8.500000	12.8806   	8.500000	12.8806   	8.500000	12.7531   	8.500000	0.00608298	
9.000000	10.4011   	9.000000	12.2649   	9.000000	12.4115   	9.000000	12.4115   	9.000000	12.2592   	9.000000	0.00578092	
9.500000	10.0282   	9.500000	11.8076   	9.500000	11.9756   	9.500000	11.9756   	9.500000	11.8021   	9.500000	0.00550882	
10.000000	9.68333   	10.000000	10.9098   	10.000000	11.5696   	10.000000	11.5696   	10.000000	10.9045   	10.000000	0.00526237	
11.000000	9.06542   	11.000000	10.3173   	11.000000	10.803    	11.000000	10.8441   	11.000000	10.3125   	11.000000	0.00483293	
12.000000	8.52762   	12.000000	9.78512   	12.000000	10.1361   	12.000000	10.2075   	12.000000	9.78065   	12.000000	0.00447116	
13.000000	8.05508   	13.000000	9.30521   	13.000000	9.55109   	13.000000	9.64494   	13.000000	9.30104   	13.000000	0.00416201	
14.000000	7.63644   	14.000000	8.87074   	14.000000	9.03417   	14.000000	9.1445    	14.000000	8.86684   	14.000000	0.00389464	
15.000000	7.26284   	15.000000	8.47587   	15.000000	8.57426   	15.000000	8.69677   	15.000000	8.47221   	15.000000	0.00366098	
16.000000	6.92727   	16.000000	8.11562   	16.000000	8.1629    	16.000000	8.29411   	16.000000	8.11217   	16.000000	0.00345496	
17.000000	6.62412   	17.000000	7.78578   	17.000000	7.79313   	17.000000	7.93032   	17.000000	7.78251   	17.000000	0.00327188	
18.000000	6.34884   	18.000000	7.48275   	18.000000	7.45904   	18.000000	7.60028   	18.000000	7.47964   	18.000000	0.00310805	
19.000000	6.09768   	19.000000	7.20344   	19.000000	7.15588   	19.000000	7.29972   	19.000000	7.20048   	19.000000	0.00296055	
20.000000	5.86757   	20.000000	6.94524   	20.000000	6.87984   	20.000000	7.02507   	20.000000	6.94241   	20.000000	0.00282701	
21.000000	5.65592   	21.000000	6.70586   	21.000000	6.62772   	21.000000	6.77333   	21.000000	6.70315   	21.000000	0.00270552	
22.000000	5.46055   	22.000000	6.48335   	22.000000	6.39683   	22.000000	6.54193   	22.000000	6.48075   	22.000000	0.00259449	
23.000000	5.27964   	23.000000	6.276     	23.000000	6.18473   	23.000000	6.32867   	23.000000	6.27351   	23.000000	0.00249261	
24.000000	5.11159   	24.000000	6.08234   	24.000000	5.9892    	24.000000	6.13166   	24.000000	6.07994   	24.000000	0.00239877	
25.000000	4.95507   	25.000000	5.90106   	25.000000	5.80856   	25.000000	5.94927   	25.000000	5.89874   	25.000000	0.00231205	
27.000000	4.6721    	27.000000	5.5712    	27.000000	5.48685   	27.000000	5.62282   	27.000000	5.56905   	27.000000	0.00215689	
29.000000	4.42309   	29.000000	5.27882   	29.000000	5.20965   	29.000000	5.33991   	29.000000	5.27679   	29.000000	0.00202206	
31.000000	4.20217   	31.000000	5.01788   	31.000000	4.96078   	31.000000	5.0792    	31.000000	5.01598   	31.000000	0.00190376	
33.000000	4.00478   	33.000000	4.7836    	33.000000	4.73101   	33.000000	4.83397   	33.000000	4.78181   	33.000000	0.00179909	
35.000000	3.82728   	35.000000	4.57211   	35.000000	4.52325   	35.000000	4.61349   	35.000000	4.5704    	35.000000	0.00170578	
38.000000	3.59212   	38.000000	4.29081   	38.000000	4.24759   	38.000000	4.32154   	38.000000	4.28923   	38.000000	0.00158334	
41.000000	3.38765   	41.000000	4.04535   	41.000000	4.00674   	41.000000	4.06793   	41.000000	4.04387   	41.000000	0.00147796	
44.000000	3.20813   	44.000000	3.82928   	44.000000	3.79499   	44.000000	3.84555   	44.000000	3.8279    	44.000000	0.00138626	
47.000000	3.04919   	47.000000	3.63763   	47.000000	3.60685   	47.000000	3.64894   	47.000000	3.63632   	47.000000	0.00130571	
50.000000	2.90741   	50.000000	3.46647   	50.000000	3.43879   	50.000000	3.47386   	50.000000	3.46524   	50.000000	0.00123436	
55.000000	2.70224   	55.000000	3.21855   	55.000000	3.19542   	55.000000	3.22103   	55.000000	3.21741   	55.000000	0.00113193	
60.000000	2.52813   	60.000000	3.0081    	60.000000	2.98842   	60.000000	3.00712   	60.000000	3.00705   	60.000000	0.0010458 	
65.000000	2.37842   	65.000000	2.82721   	65.000000	2.8103    	65.000000	2.82374   	65.000000	2.82624   	65.000000	0.000972312	
70.000000	2.24823   	70.000000	2.67005   	70.000000	2.65578   	70.000000	2.66475   	70.000000	2.66915   	70.000000	0.000908843	
75.000000	2.1339    	75.000000	2.53222   	75.000000	2.52003   	75.000000	2.52557   	75.000000	2.53137   	75.000000	0.000853451	
80.000000	2.03266   	80.000000	2.41035   	80.000000	2.40001   	80.000000	2.40269   	80.000000	2.40955   	80.000000	0.000804669	
85.000000	1.94233   	85.000000	2.3018    	85.000000	2.29288   	85.000000	2.29338   	85.000000	2.30104   	85.000000	0.000761366	
90.000000	1.86121   	90.000000	2.2045    	90.000000	2.1969    	90.000000	2.1955    	90.000000	2.20378   	90.000000	0.000722656	
95.000000	1.78793   	95.000000	2.11678   	95.000000	2.11038   	95.000000	2.10734   	95.000000	2.11609   	95.000000	0.000687838	
100.000000	1.72138   	100.000000	2.03728   	100.000000	2.03177   	100.000000	2.02752   	100.000000	2.03662   	100.000000	0.000656344	
105.000000	1.66065   	105.000000	1.96489   	105.000000	1.96021   	105.000000	1.95489   	105.000000	1.96426   	105.000000	0.000627715	
110.000000	1.605     	110.000000	1.89869   	110.000000	1.89483   	110.000000	1.88852   	110.000000	1.89809   	110.000000	0.000601572	
115.000000	1.55381   	115.000000	1.83792   	115.000000	1.83463   	115.000000	1.82763   	115.000000	1.83735   	115.000000	0.000577601	
120.000000	1.50653   	120.000000	1.78194   	120.000000	1.77925   	120.000000	1.77156   	120.000000	1.78138   	120.000000	0.000555538	
125.000000	1.46274   	125.000000	1.73019   	125.000000	1.72814   	125.000000	1.71977   	125.000000	1.72966   	125.000000	0.000535162	
130.000000	1.42205   	130.000000	1.68222   	130.000000	1.68061   	130.000000	1.67178   	130.000000	1.6817    	130.000000	0.000516284	
135.000000	1.38414   	135.000000	1.63762   	135.000000	1.63643   	135.000000	1.62719   	135.000000	1.63712   	135.000000	0.000498742	
140.000000	1.34872   	140.000000	1.59604   	140.000000	1.59527   	140.000000	1.58564   	140.000000	1.59556   	140.000000	0.000482397	
145.000000	1.31555   	145.000000	1.5572    	145.000000	1.55683   	145.000000	1.54683   	145.000000	1.55673   	145.000000	0.000467131	
150.000000	1.28441   	150.000000	1.52082   	150.000000	1.52083   	150.000000	1.51051   	150.000000	1.52037   	150.000000	0.000452837	
155.000000	1.24047   	155.000000	1.48668   	155.000000	1.48698   	155.000000	1.47644   	155.000000	1.48624   	155.000000	0.000439424	
160.000000	1.21476   	160.000000	1.45457   	160.000000	1.45509   	160.000000	1.44441   	160.000000	1.45415   	160.000000	0.000426813	
165.000000	1.19051   	165.000000	1.42433   	165.000000	1.42507   	165.000000	1.41425   	165.000000	1.42392   	165.000000	0.000414934	
170.000000	1.16759   	170.000000	1.39579   	170.000000	1.39683   	170.000000	1.38581   	170.000000	1.39539   	170.000000	0.000403722	
175.000000	1.1459    	175.000000	1.36881   	175.000000	1.37017   	175.000000	1.35893   	175.000000	1.36842   	175.000000	0.000393123	
180.000000	1.12533   	180.000000	1.34327   	180.000000	1.34486   	180.000000	1.3335    	180.000000	1.34289   	180.000000	0.000383087	
185.000000	1.10581   	185.000000	1.31906   	185.000000	1.32084   	185.000000	1.30939   	185.000000	1.31868   	185.000000	0.00037357	
190.000000	1.08725   	190.000000	1.29607   	190.000000	1.29806   	190.000000	1.28652   	190.000000	1.2957    	190.000000	0.000364533	
195.000000	1.06958   	195.000000	1.27421   	195.000000	1.27641   	195.000000	1.26478   	195.000000	1.27385   	195.000000	0.000355938	
200.000000	1.05274   	200.000000	1.25341   	200.000000	1.2558    	200.000000	1.2441    	200.000000	1.25306   	200.000000	0.000347755	
210.000000	1.02133   	210.000000	1.21467   	210.000000	1.21746   	210.000000	1.20561   	210.000000	1.21434   	210.000000	0.000332508	
220.000000	0.992612  	220.000000	1.17933   	220.000000	1.18239   	220.000000	1.17054   	220.000000	1.17902   	220.000000	0.000318589	
230.000000	0.96625   	230.000000	1.14698   	230.000000	1.15036   	230.000000	1.13845   	230.000000	1.14667   	230.000000	0.000305829	
240.000000	0.941965  	240.000000	1.11724   	240.000000	1.12101   	240.000000	1.10898   	240.000000	1.11694   	240.000000	0.000294088	
250.000000	0.91952   	250.000000	1.08981   	250.000000	1.09385   	250.000000	1.08184   	250.000000	1.08953   	250.000000	0.000283248	
260.000000	0.898713  	260.000000	1.06444   	260.000000	1.06876   	260.000000	1.05675   	260.000000	1.06417   	260.000000	0.000273206	
270.000000	0.879371  	270.000000	1.04091   	270.000000	1.04556   	270.000000	1.03349   	270.000000	1.04065   	270.000000	0.000263877	
280.000000	0.861344  	280.000000	1.01902   	280.000000	1.02391   	280.000000	1.01188   	280.000000	1.01877   	280.000000	0.000255187	
290.000000	0.844504  	290.000000	0.998614  	290.000000	1.00373   	290.000000	0.991758  	290.000000	0.998367  	290.000000	0.000247071	
300.000000	0.828736  	300.000000	0.979545  	300.000000	0.984952  	300.000000	0.972969  	300.000000	0.979305  	300.000000	0.000239474	
310.000000	0.813943  	310.000000	0.961688  	310.000000	0.967401  	310.000000	0.95539   	310.000000	0.961456  	310.000000	0.000232346	
320.000000	0.800037  	320.000000	0.944934  	320.000000	0.950882  	320.000000	0.938913  	320.000000	0.944708  	320.000000	0.000225646	
330.000000	0.786942  	330.000000	0.929185  	330.000000	0.935361  	330.000000	0.923439  	330.000000	0.928966  	330.000000	0.000219335	
340.000000	0.77459   	340.000000	0.914356  	340.000000	0.920768  	340.000000	0.908882  	340.000000	0.914143  	340.000000	0.00021338	
350.000000	0.76292   	350.000000	0.90037   	350.000000	0.907014  	350.000000	0.895166  	350.000000	0.900162  	350.000000	0.000207752	
360.000000	0.751879  	360.000000	0.88716   	360.000000	0.894032  	360.000000	0.882222  	360.000000	0.886957  	360.000000	0.000202423	
370.000000	0.741417  	370.000000	0.874663  	370.000000	0.881763  	370.000000	0.869989  	370.000000	0.874466  	370.000000	0.000197371	
380.000000	0.731491  	380.000000	0.862827  	380.000000	0.870151  	380.000000	0.858413  	380.000000	0.862634  	380.000000	0.000192573	
390.000000	0.722062  	390.000000	0.851601  	390.000000	0.859147  	390.000000	0.847444  	390.000000	0.851413  	390.000000	0.000188012	
400.000000	0.713096  	400.000000	0.840941  	400.000000	0.848706  	400.000000	0.837038  	400.000000	0.840757  	400.000000	0.000183669	
410.000000	0.704558  	410.000000	0.830807  	410.000000	0.838788  	410.000000	0.827154  	410.000000	0.830627  	410.000000	0.00017953	
420.000000	0.696421  	420.000000	0.821163  	420.000000	0.829358  	420.000000	0.817756  	420.000000	0.820987  	420.000000	0.000175579	
430.000000	0.688658  	430.000000	0.811975  	430.000000	0.82038   	430.000000	0.80881   	430.000000	0.811803  	430.000000	0.000171805	
440.000000	0.681245  	440.000000	0.803213  	440.000000	0.811823  	440.000000	0.800287  	440.000000	0.803045  	440.000000	0.000168196	
450.000000	0.674159  	450.000000	0.79485   	450.000000	0.803664  	450.000000	0.792158  	450.000000	0.794685  	450.000000	0.00016474	
460.000000	0.66738   	460.000000	0.78686   	460.000000	0.795882  	460.000000	0.784399  	460.000000	0.786699  	460.000000	0.000161429	
470.000000	0.66089   	470.000000	0.779221  	470.000000	0.788443  	470.000000	0.776986  	470.000000	0.779063  	470.000000	0.000158253	
480.000000	0.654672  	480.000000	0.771911  	480.000000	0.781311  	480.000000	0.769899  	480.000000	0.771756  	480.000000	0.000155204	
490.000000	0.64871   	490.000000	0.76491   	490.000000	0.774467  	490.000000	0.763116  	490.000000	0.764758  	490.000000	0.000152274	
500.000000	0.642988  	500.000000	0.758201  	500.000000	0.767914  	500.000000	0.756621  	500.000000	0.758051  	500.000000	0.000149457	
520.000000	0.632216  	520.000000	0.745591  	520.000000	0.755662  	520.000000	0.744428  	520.000000	0.745447  	520.000000	0.000144135	
540.000000	0.62226   	540.000000	0.733964  	540.000000	0.74439   	540.000000	0.7332    	540.000000	0.733824  	540.000000	0.000139191	
560.000000	0.613037  	560.000000	0.723215  	560.000000	0.73398   	560.000000	0.722835  	560.000000	0.723081  	560.000000	0.000134587	
580.000000	0.604474  	580.000000	0.713258  	580.000000	0.724351  	580.000000	0.713244  	580.000000	0.713128  	580.000000	0.000130288	
600.000000	0.59651   	600.000000	0.704014  	600.000000	0.715382  	600.000000	0.704351  	600.000000	0.703888  	600.000000	0.000126265	
620.000000	0.589089  	620.000000	0.695417  	620.000000	0.707038  	620.000000	0.696089  	620.000000	0.695295  	620.000000	0.00012249	
640.000000	0.582163  	640.000000	0.687408  	640.000000	0.699309  	640.000000	0.688398  	640.000000	0.687289  	640.000000	0.000118943	
660.000000	0.57569   	660.000000	0.679935  	660.000000	0.692099  	660.000000	0.681227  	660.000000	0.679819  	660.000000	0.000115602	
680.000000	0.569631  	680.000000	0.672951  	680.000000	0.685332  	680.000000	0.67453   	680.000000	0.672839  	680.000000	0.00011245	
700.000000	0.563953  	700.000000	0.666416  	700.000000	0.679005  	700.000000	0.668267  	700.000000	0.666307  	700.000000	0.000109471	
720.000000	0.558625  	720.000000	0.660294  	720.000000	0.673104  	720.000000	0.662401  	720.000000	0.660187  	720.000000	0.000106651	
740.000000	0.553622  	740.000000	0.654551  	740.000000	0.667582  	740.000000	0.656899  	740.000000	0.654447  	740.000000	0.000103978	
760.000000	0.548919  	760.000000	0.649158  	760.000000	0.662396  	760.000000	0.651733  	760.000000	0.649057  	760.000000	0.00010144	
780.000000	0.544493  	780.000000	0.64409   	780.000000	0.657508  	780.000000	0.646878  	780.000000	0.643991  	780.000000	9.90272e-05	
800.000000	0.540326  	800.000000	0.639322  	800.000000	0.65289   	800.000000	0.642308  	800.000000	0.639226  	800.000000	9.67303e-05	
820.000000	0.536399  	820.000000	0.634834  	820.000000	0.648532  	820.000000	0.638003  	820.000000	0.634739  	820.000000	9.45412e-05	
840.000000	0.532696  	840.000000	0.630605  	840.000000	0.644433  	840.000000	0.633944  	840.000000	0.630512  	840.000000	9.24523e-05	
860.000000	0.529203  	860.000000	0.626618  	860.000000	0.640581  	860.000000	0.630114  	860.000000	0.626527  	860.000000	9.04569e-05	
880.000000	0.525906  	880.000000	0.622856  	880.000000	0.636945  	880.000000	0.626496  	880.000000	0.622768  	880.000000	8.85487e-05	
900.000000	0.522793  	900.000000	0.619306  	900.000000	0.633497  	900.000000	0.623076  	900.000000	0.619219  	900.000000	8.6722e-05	
920.000000	0.519852  	920.000000	0.615953  	920.000000	0.630221  	920.000000	0.61984   	920.000000	0.615868  	920.000000	8.49717e-05	
940.000000	0.517072  	940.000000	0.612786  	940.000000	0.627117  	940.000000	0.616778  	940.000000	0.612703  	940.000000	8.32931e-05	
960.000000	0.514446  	960.000000	0.609793  	960.000000	0.624184  	960.000000	0.613877  	960.000000	0.609711  	960.000000	8.16818e-05	
980.000000	0.511963  	980.000000	0.606963  	980.000000	0.621415  	980.000000	0.611127  	980.000000	0.606883  	980.000000	8.01337e-05	
1000.000000	0.509616  	1000.000000	0.604287  	1000.000000	0.618794  	1000.000000	0.608519  	1000.000000	0.604208  	1000.000000	7.86451e-05	
1020.000000	0.507396  	1020.000000	0.601756  	1020.000000	0.616304  	1020.000000	0.606045  	1020.000000	0.601679  	1020.000000	7.72128e-05	
1040.000000	0.505298  	1040.000000	0.599363  	1040.000000	0.613931  	1040.000000	0.603696  	1040.000000	0.599287  	1040.000000	7.58334e-05	
1060.000000	0.503315  	1060.000000	0.597098  	1060.000000	0.61167   	1060.000000	0.601465  	1060.000000	0.597024  	1060.000000	7.45041e-05	
1080.000000	0.50144   	1080.000000	0.594956  	1080.000000	0.609518  	1080.000000	0.599345  	1080.000000	0.594883  	1080.000000	7.32222e-05	
1100.000000	0.499669  	1100.000000	0.59293   	1100.000000	0.607475  	1100.000000	0.59733   	1100.000000	0.592858  	1100.000000	7.19852e-05	
1120.000000	0.497995  	1120.000000	0.591013  	1120.000000	0.605537  	1120.000000	0.595413  	1120.000000	0.590942  	1120.000000	7.07906e-05	
1140.000000	0.496415  	1140.000000	0.5892    	1140.000000	0.6037    	1140.000000	0.59359   	1140.000000	0.58913   	1140.000000	6.96364e-05	
1160.000000	0.494923  	1160.000000	0.587486  	1160.000000	0.601954  	1160.000000	0.591856  	1160.000000	0.587418  	1160.000000	6.85205e-05	
1180.000000	0.493516  	1180.000000	0.585866  	1180.000000	0.600293  	1180.000000	0.590205  	1180.000000	0.585799  	1180.000000	6.7441e-05	
1200.000000	0.492189  	1200.000000	0.584335  	1200.000000	0.598709  	1200.000000	0.588633  	1200.000000	0.584269  	1200.000000	6.63961e-05	
1220.000000	0.490939  	1220.000000	0.582889  	1220.000000	0.597196  	1220.000000	0.587136  	1220.000000	0.582824  	1220.000000	6.53842e-05	
1240.000000	0.489763  	1240.000000	0.581524  	1240.000000	0.595752  	1240.000000	0.58571   	1240.000000	0.581459  	1240.000000	6.44037e-05	
1260.000000	0.488656  	1260.000000	0.580236  	1260.000000	0.594373  	1260.000000	0.584352  	1260.000000	0.580172  	1260.000000	6.34532e-05	
1280.000000	0.487617  	1280.000000	0.579021  	1280.000000	0.593057  	1280.000000	0.583058  	1280.000000	0.578959  	1280.000000	6.25313e-05	
1300.000000	0.486641  	1300.000000	0.577877  	1300.000000	0.591801  	1300.000000	0.581825  	1300.000000	0.577815  	1300.000000	6.16366e-05	
1320.000000	0.485727  	1320.000000	0.576799  	1320.000000	0.590604  	1320.000000	0.58065   	1320.000000	0.576739  	1320.000000	6.07681e-05	
1340.000000	0.484872  	1340.000000	0.575786  	1340.000000	0.589462  	1340.000000	0.57953   	1340.000000	0.575726  	1340.000000	5.99245e-05	
1360.000000	0.484073  	1360.000000	0.574834  	1360.000000	0.588375  	1360.000000	0.578462  	1360.000000	0.574775  	1360.000000	5.91048e-05	
1380.000000	0.483329  	1380.000000	0.573941  	1380.000000	0.587339  	1380.000000	0.577445  	1380.000000	0.573883  	1380.000000	5.8308e-05	
1400.000000	0.482636  	1400.000000	0.573104  	1400.000000	0.586353  	1400.000000	0.576475  	1400.000000	0.573047  	1400.000000	5.75331e-05	
1420.000000	0.481994  	1420.000000	0.572321  	1420.000000	0.585414  	1420.000000	0.575551  	1420.000000	0.572265  	1420.000000	5.67792e-05	
1440.000000	0.481399  	1440.000000	0.57159   	1440.000000	0.584522  	1440.000000	0.57467   	1440.000000	0.571534  	1440.000000	5.60455e-05	
1460.000000	0.480851  	1460.000000	0.570908  	1460.000000	0.583673  	1460.000000	0.573831  	1460.000000	0.570853  	1460.000000	5.53312e-05	
1480.000000	0.480347  	1480.000000	0.570274  	1480.000000	0.582865  	1480.000000	0.573031  	1480.000000	0.570219  	1480.000000	5.46354e-05	
1500.000000	0.479887  	1500.000000	0.569686  	1500.000000	0.582097  	1500.000000	0.572269  	1500.000000	0.569632  	1500.000000	5.39575e-05	
1520.000000	0.479467  	1520.000000	0.569141  	1520.000000	0.581365  	1520.000000	0.571544  	1520.000000	0.569088  	1520.000000	5.32968e-05	
1540.000000	0.479087  	1540.000000	0.568639  	1540.000000	0.580668  	1540.000000	0.570853  	1540.000000	0.568586  	1540.000000	5.26526e-05	
1560.000000	0.478746  	1560.000000	0.568177  	1560.000000	0.580004  	1560.000000	0.570195  	1560.000000	0.568125  	1560.000000	5.20243e-05	
1580.000000	0.478442  	1580.000000	0.567755  	1580.000000	0.57937   	1580.000000	0.569569  	1580.000000	0.567703  	1580.000000	5.14113e-05	
1600.000000	0.478173  	1600.000000	0.56737   	1600.000000	0.578766  	1600.000000	0.568973  	1600.000000	0.567319  	1600.000000	5.08131e-05	
1620.000000	0.477939  	1620.000000	0.567021  	1620.000000	0.57819   	1620.000000	0.568407  	1620.000000	0.566971  	1620.000000	5.02291e-05	
1640.000000	0.477739  	1640.000000	0.566708  	1640.000000	0.577641  	1640.000000	0.567868  	1640.000000	0.566658  	1640.000000	4.96588e-05	
1660.000000	0.47757   	1660.000000	0.566428  	1660.000000	0.577117  	1660.000000	0.567356  	1660.000000	0.566379  	1660.000000	4.91018e-05	
1680.000000	0.477434  	1680.000000	0.56618   	1680.000000	0.576619  	1680.000000	0.56687   	1680.000000	0.566132  	1680.000000	4.85575e-05	
1700.000000	0.477327  	1700.000000	0.565964  	1700.000000	0.576146  	1700.000000	0.566409  	1700.000000	0.565916  	1700.000000	4.80256e-05	
1750.000000	0.477186  	1750.000000	0.565555  	1750.000000	0.575066  	1750.000000	0.565357  	1750.000000	0.565508  	1750.000000	4.6747e-05	
1800.000000	0.477215  	1800.000000	0.56532   	1800.000000	0.574123  	1800.000000	0.564438  	1800.000000	0.565274  	1800.000000	4.55369e-05	
1850.000000	0.477401  	1850.000000	0.565244  	1850.000000	0.573306  	1850.000000	0.563642  	1850.000000	0.5652    	1850.000000	4.43899e-05	
1900.000000	0.477732  	1900.000000	0.565316  	1900.000000	0.572603  	1900.000000	0.562955  	1900.000000	0.565272  	1900.000000	4.3301e-05	
1950.000000	0.478198  	1950.000000	0.565524  	1950.000000	0.572003  	1950.000000	0.562369  	1950.000000	0.565481  	1950.000000	4.2266e-05	
2000.000000	0.478792  	2000.000000	0.565857  	2000.000000	0.571496  	2000.000000	0.561874  	2000.000000	0.565816  	2000.000000	4.12809e-05	
2100.000000	0.480325  	2100.000000	0.566867  	2100.000000	0.570724  	2100.000000	0.561127  	2100.000000	0.566827  	2100.000000	3.94464e-05	
2200.000000	0.482274  	2200.000000	0.568281  	2200.000000	0.570232  	2200.000000	0.560659  	2200.000000	0.568243  	2200.000000	3.77729e-05	
2300.000000	0.484591  	2300.000000	0.570046  	2300.000000	0.569974  	2300.000000	0.560425  	2300.000000	0.570009  	2300.000000	3.62398e-05	
2400.000000	0.487235  	2400.000000	0.572118  	2400.000000	0.569914  	2400.000000	0.56039   	2400.000000	0.572083  	2400.000000	3.483e-05 	
2500.000000	0.490174  	2500.000000	0.574461  	2500.000000	0.570023  	2500.000000	0.560521  	2500.000000	0.574427  	2500.000000	3.35291e-05	
2600.000000	0.493377  	2600.000000	0.577042  	2600.000000	0.570275  	2600.000000	0.560794  	2600.000000	0.57701   	2600.000000	3.23247e-05	
2700.000000	0.49682   	2700.000000	0.579835  	2700.000000	0.570649  	2700.000000	0.561188  	2700.000000	0.579804  	2700.000000	3.12065e-05	
2800.000000	0.500481  	2800.000000	0.582817  	2800.000000	0.571127  	2800.000000	0.561685  	2800.000000	0.582787  	2800.000000	3.01654e-05	
2900.000000	0.504343  	2900.000000	0.585969  	2900.000000	0.571695  	2900.000000	0.56227   	2900.000000	0.585939  	2900.000000	2.91935e-05	
3000.000000	0.508388  	3000.000000	0.589272  	3000.000000	0.572339  	3000.000000	0.56293   	3000.000000	0.589243  	3000.000000	2.82843e-05	
3200.000000	0.516975  	3200.000000	0.596275  	3200.000000	0.573814  	3200.000000	0.564433  	3200.000000	0.596248  	3200.000000	2.66305e-05	
3400.000000	0.526148  	3400.000000	0.603728  	3400.000000	0.575482  	3400.000000	0.566124  	3400.000000	0.603702  	3400.000000	2.51647e-05	
3600.000000	0.535833  	3600.000000	0.611552  	3600.000000	0.577289  	3600.000000	0.567951  	3600.000000	0.611528  	3600.000000	2.38564e-05	
3800.000000	0.54597   	3800.000000	0.619688  	3800.000000	0.579197  	3800.000000	0.569875  	3800.000000	0.619665  	3800.000000	2.26812e-05	
4000.000000	0.556514  	4000.000000	0.628085  	4000.000000	0.581175  	4000.000000	0.571866  	4000.000000	0.628064  	4000.000000	2.16196e-05	
4200.000000	0.567423  	4200.000000	0.636705  	4200.000000	0.583198  	4200.000000	0.573903  	4200.000000	0.636685  	4200.000000	2.06557e-05	
4400.000000	0.578668  	4400.000000	0.645515  	4400.000000	0.58525   	4400.000000	0.575967  	4400.000000	0.645495  	4400.000000	1.97766e-05	
4600.000000	0.59022   	4600.000000	0.654488  	4600.000000	0.587317  	4600.000000	0.578045  	4600.000000	0.654469  	4600.000000	1.89713e-05	
4800.000000	0.602058  	4800.000000	0.663602  	4800.000000	0.589388  	4800.000000	0.580128  	4800.000000	0.663584  	4800.000000	1.8231e-05	
5000.000000	0.614163  	5000.000000	0.672839  	5000.000000	0.591454  	5000.000000	0.582206  	5000.000000	0.672822  	5000.000000	1.75479e-05	
5250.000000	0.629646  	5250.000000	0.684534  	5250.000000	0.594023  	5250.000000	0.584789  	5250.000000	0.684517  	5250.000000	1.67648e-05	
5500.000000	0.645494  	5500.000000	0.69637   	5500.000000	0.596567  	5500.000000	0.587347  	5500.000000	0.696354  	5500.000000	1.60505e-05	
6000.000000	0.678204  	6000.000000	0.720385  	6000.000000	0.601558  	6000.000000	0.592365  	6000.000000	0.720371  	6000.000000	1.47949e-05	
6500.000000	0.712157  	6500.000000	0.744757  	6500.000000	0.606399  	6500.000000	0.597228  	6500.000000	0.744743  	6500.000000	1.37264e-05	
7000.000000	0.747254  	7000.000000	0.769392  	7000.000000	0.611075  	7000.000000	0.601921  	7000.000000	0.769379  	7000.000000	1.28058e-05	
7500.000000	0.783421  	7500.000000	0.794226  	7500.000000	0.61558   	7500.000000	0.606442  	7500.000000	0.794214  	7500.000000	1.2004e-05	
8000.000000	0.820605  	8000.000000	0.819209  	8000.000000	0.619923  	8000.000000	0.610793  	8000.000000	0.819198  	8000.000000	1.12994e-05	
8500.000000	0.858763  	8500.000000	0.844305  	8500.000000	0.624091  	8500.000000	0.614978  	8500.000000	0.844294  	8500.000000	1.0675e-05	
9000.000000	0.897862  	9000.000000	0.869485  	9000.000000	0.628088  	9000.000000	0.619006  	9000.000000	0.869475  	9000.000000	1.01178e-05	
9500.000000	0.937876  	9500.000000	0.894729  	9500.000000	0.631937  	9500.000000	0.622883  	9500.000000	0.894719  	9500.000000	9.61748e-06	
10000.000000	0.978785  	10000.000000	0.920018  	10000.000000	0.635651  	10000.000000	0.626617  	10000.000000	0.920009  	10000.000000	9.16559e-06	
11000.000000	1.06322   	11000.000000	0.970686  	11000.000000	0.642688  	11000.000000	0.633692  	11000.000000	0.970678  	11000.000000	8.38131e-06	
12000.000000	1.15108   	12000.000000	1.02141   	12000.000000	0.649242  	12000.000000	0.640288  	12000.000000	1.0214    	12000.000000	7.72384e-06	
13000.000000	1.24228   	13000.000000	1.07214   	13000.000000	0.655368  	13000.000000	0.646461  	13000.000000	1.07214   	13000.000000	7.16449e-06	
14000.000000	1.33679   	14000.000000	1.12285   	14000.000000	0.661113  	14000.000000	0.652256  	14000.000000	1.12284   	14000.000000	6.68265e-06	
15000.000000	1.43457   	15000.000000	1.17351   	15000.000000	0.66652   	15000.000000	0.657715  	15000.000000	1.1735    	15000.000000	6.26313e-06	
16000.000000	1.53562   	16000.000000	1.22411   	16000.000000	0.671622  	16000.000000	0.662871  	16000.000000	1.2241    	16000.000000	5.89448e-06	
17000.000000	1.63991   	17000.000000	1.27464   	17000.000000	0.676449  	17000.000000	0.667755  	17000.000000	1.27463   	17000.000000	5.56789e-06	
18000.000000	1.74744   	18000.000000	1.32509   	18000.000000	0.681029  	18000.000000	0.672393  	18000.000000	1.32508   	18000.000000	5.27651e-06	
19000.000000	1.85821   	19000.000000	1.37546   	19000.000000	0.685386  	19000.000000	0.676807  	19000.000000	1.37545   	19000.000000	5.01488e-06	
20000.000000	1.97222   	20000.000000	1.42574   	20000.000000	0.689541  	20000.000000	0.681019  	20000.000000	1.42574   	20000.000000	4.77863e-06	
21000.000000	2.08948   	21000.000000	1.47595   	21000.000000	0.69351   	21000.000000	0.685044  	21000.000000	1.47594   	21000.000000	4.5642e-06	
22000.000000	2.20999   	22000.000000	1.52606   	22000.000000	0.697299  	22000.000000	0.688899  	22000.000000	1.52606   	22000.000000	4.36868e-06	
23000.000000	2.33377   	23000.000000	1.5761    	23000.000000	0.700918  	23000.000000	0.692596  	23000.000000	1.57609   	23000.000000	4.18966e-06	
24000.000000	2.46081   	24000.000000	1.62605   	24000.000000	0.704384  	24000.000000	0.696149  	24000.000000	1.62604   	24000.000000	4.02511e-06	
25000.000000	2.59114   	25000.000000	1.67591   	25000.000000	0.707714  	25000.000000	0.699567  	25000.000000	1.67591   	25000.000000	3.87334e-06	
26000.000000	2.72476   	26000.000000	1.7257    	26000.000000	0.710925  	26000.000000	0.70286   	26000.000000	1.7257    	26000.000000	3.73288e-06	
27000.000000	2.86169   	27000.000000	1.77541   	27000.000000	0.714027  	27000.000000	0.706038  	27000.000000	1.7754    	27000.000000	3.60253e-06	
28000.000000	3.00194   	28000.000000	1.82504   	28000.000000	0.71702   	28000.000000	0.709107  	28000.000000	1.82503   	28000.000000	3.48121e-06	
29000.000000	3.14552   	29000.000000	1.87459   	29000.000000	0.719904  	29000.000000	0.712075  	29000.000000	1.87459   	29000.000000	3.368e-06 	
30000.000000	3.29246   	30000.000000	1.92407   	30000.000000	0.722686  	30000.000000	0.714948  	30000.000000	1.92407   	30000.000000	3.26212e-06	
32000.000000	3.59644   	32000.000000	2.02281   	32000.000000	0.727979  	32000.000000	0.720432  	32000.000000	2.02281   	32000.000000	3.06963e-06	
34000.000000	3.91401   	34000.000000	2.12128   	34000.000000	0.732955  	34000.000000	0.725599  	34000.000000	2.12127   	34000.000000	2.89914e-06	
36000.000000	4.2453    	36000.000000	2.21947   	36000.000000	0.737635  	36000.000000	0.730485  	36000.000000	2.21947   	36000.000000	2.74705e-06	
38000.000000	4.59045   	38000.000000	2.31741   	38000.000000	0.742046  	38000.000000	0.735118  	38000.000000	2.31741   	38000.000000	2.61051e-06	
40000.000000	4.9496    	40000.000000	2.41511   	40000.000000	0.746217  	40000.000000	0.739522  	40000.000000	2.41511   	40000.000000	2.48723e-06	
42000.000000	5.3229    	42000.000000	2.51258   	42000.000000	0.750178  	42000.000000	0.74372   	42000.000000	2.51258   	42000.000000	2.37535e-06	
44000.000000	5.71048   	44000.000000	2.60982   	44000.000000	0.753951  	44000.000000	0.747729  	44000.000000	2.60982   	44000.000000	2.27336e-06	
46000.000000	6.11251   	46000.000000	2.70685   	46000.000000	0.757557  	46000.000000	0.751565  	46000.000000	2.70685   	46000.000000	2.17998e-06	
48000.000000	6.52912   	48000.000000	2.80367   	48000.000000	0.761005  	48000.000000	0.755244  	48000.000000	2.80367   	48000.000000	2.09415e-06	
50000.000000	6.96048   	50000.000000	2.9003    	50000.000000	0.764294  	50000.000000	0.758776  	50000.000000	2.9003    	50000.000000	2.015e-06 	
