Energy (MeV/u)1	0 - [He-base] F.Hubert et al, AD&ND Tables 46(1990)1	Energy (MeV/u)2	1 - [H -base] J.F.Ziegler et al, Pergamon Press, NY (low energy)	Energy (MeV/u)3	2 - ATIMA 1.2  LS-theory (recommended for high energy)	Energy (MeV/u)4	3 - ATIMA 1.2  without LS-correction	Energy (MeV/u)5	4 - electrical component of [1] - J.F.Ziegler et al	Energy (MeV/u)6	5 - nuclear component of [1] - J.F.Ziegler et al	
0.001000	4.54861   	0.001000	4.88743   	0.001000	4.85625   	0.001000	4.85625   	0.001000	1.29416   	0.001000	3.59327   	
0.002000	4.59517   	0.002000	4.5685    	0.002000	4.67627   	0.002000	4.67627   	0.002000	1.67832   	0.002000	2.89019   	
0.005000	4.84581   	0.005000	4.25926   	0.005000	4.71676   	0.005000	4.71676   	0.005000	2.36647   	0.005000	1.89278   	
0.008000	5.16755   	0.008000	4.27221   	0.008000	5.02169   	0.008000	5.02169   	0.008000	2.82258   	0.008000	1.44962   	
0.010000	5.38155   	0.010000	4.33381   	0.010000	5.25855   	0.010000	5.25855   	0.010000	3.06894   	0.010000	1.26487   	
0.015000	6.10675   	0.015000	4.5467    	0.015000	5.86501   	0.015000	5.86501   	0.015000	3.57291   	0.015000	0.973786  	
0.020000	6.76898   	0.020000	4.78112   	0.020000	6.44909   	0.020000	6.44909   	0.020000	3.97992   	0.020000	0.801197  	
0.025000	7.54821   	0.025000	5.04951   	0.025000	7.00084   	0.025000	7.00084   	0.025000	4.36411   	0.025000	0.685395  	
0.030000	8.24802   	0.030000	5.99115   	0.030000	7.67324   	0.030000	7.67324   	0.030000	5.39498   	0.030000	0.596163  	
0.035000	8.8653    	0.035000	6.91182   	0.035000	8.35446   	0.035000	8.35446   	0.035000	6.37877   	0.035000	0.533042  	
0.040000	9.40791   	0.040000	7.78018   	0.040000	9.03379   	0.040000	9.03379   	0.040000	7.29706   	0.040000	0.483121  	
0.045000	9.85818   	0.045000	8.59219   	0.045000	9.7082    	0.045000	9.7082    	0.045000	8.14965   	0.045000	0.442541  	
0.050000	10.2091   	0.050000	9.36504   	0.050000	10.3753   	0.050000	10.3753   	0.050000	8.95621   	0.050000	0.408834  	
0.055000	10.7845   	0.055000	10.1233   	0.055000	11.0331   	0.055000	11.0331   	0.055000	9.74295   	0.055000	0.380341  	
0.060000	11.3014   	0.060000	10.8505   	0.060000	11.6799   	0.060000	11.6799   	0.060000	10.4946   	0.060000	0.355905  	
0.070000	12.1666   	0.070000	12.232    	0.070000	12.9353   	0.070000	12.9353   	0.070000	11.9159   	0.070000	0.316084  	
0.080000	13.0878   	0.080000	13.5313   	0.080000	14.1326   	0.080000	14.1326   	0.080000	13.2463   	0.080000	0.284928  	
0.090000	13.8652   	0.090000	14.7524   	0.090000	15.2656   	0.090000	15.2656   	0.090000	14.4925   	0.090000	0.25982   	
0.100000	14.5124   	0.100000	15.8943   	0.100000	16.3304   	0.100000	16.3304   	0.100000	15.6551   	0.100000	0.239111  	
0.120000	15.185    	0.120000	17.8826   	0.120000	18.2484   	0.120000	18.2484   	0.120000	17.6758   	0.120000	0.206864  	
0.140000	15.6901   	0.140000	19.5563   	0.140000	19.8871   	0.140000	19.8871   	0.140000	19.3735   	0.140000	0.182823  	
0.160000	16.1362   	0.160000	20.9793   	0.160000	21.2633   	0.160000	21.2633   	0.160000	20.8152   	0.160000	0.164148  	
0.180000	16.574    	0.180000	22.1888   	0.180000	22.4029   	0.180000	22.4029   	0.180000	22.0396   	0.180000	0.149184  	
0.200000	17.1183   	0.200000	23.2193   	0.200000	23.3358   	0.200000	23.3358   	0.200000	23.0824   	0.200000	0.136903  	
0.250000	18.1727   	0.250000	25.9274   	0.250000	24.9569   	0.250000	24.9569   	0.250000	25.8134   	0.250000	0.11399   	
0.300000	19.0586   	0.300000	27.7921   	0.300000	25.8732   	0.300000	25.8732   	0.300000	27.6941   	0.300000	0.0980333 	
0.350000	19.8001   	0.350000	29.0471   	0.350000	26.3678   	0.350000	26.3678   	0.350000	28.9608   	0.350000	0.086233  	
0.400000	20.8257   	0.400000	30.4442   	0.400000	26.6902   	0.400000	26.6902   	0.400000	30.3671   	0.400000	0.0771248 	
0.450000	21.6559   	0.450000	31.5934   	0.450000	27.574    	0.450000	27.574    	0.450000	31.5235   	0.450000	0.0698654 	
0.500000	22.3205   	0.500000	32.4282   	0.500000	28.2222   	0.500000	28.2222   	0.500000	32.3643   	0.500000	0.0639336 	
0.600000	22.4781   	0.600000	33.4322   	0.600000	29.0537   	0.600000	29.0537   	0.600000	33.3774   	0.600000	0.054799  	
0.700000	21.8535   	0.700000	33.2905   	0.700000	28.9503   	0.700000	28.9503   	0.700000	33.2424   	0.700000	0.0480728 	
0.800000	21.9001   	0.800000	32.8517   	0.800000	28.6535   	0.800000	28.6535   	0.800000	32.8088   	0.800000	0.0428991 	
0.900000	21.8356   	0.900000	32.3123   	0.900000	28.3105   	0.900000	28.3105   	0.900000	32.2735   	0.900000	0.0387876 	
1.000000	21.6944   	1.000000	31.7204   	1.000000	27.9402   	1.000000	27.9402   	1.000000	31.685    	1.000000	0.0354362 	
1.250000	20.9784   	1.250000	29.9884   	1.250000	26.6331   	1.250000	26.6331   	1.250000	29.9591   	1.250000	0.0292425 	
1.500000	20.1447   	1.500000	28.3125   	1.500000	25.4528   	1.500000	25.4528   	1.500000	28.2876   	1.500000	0.0249771 	
1.750000	19.3187   	1.750000	26.803    	1.750000	24.3976   	1.750000	24.3976   	1.750000	26.7812   	1.750000	0.0218499 	
2.000000	18.4685   	2.000000	25.3652   	2.000000	23.4348   	2.000000	23.4348   	2.000000	25.3458   	2.000000	0.0194528 	
2.250000	17.7324   	2.250000	24.1211   	2.250000	22.5476   	2.250000	22.5476   	2.250000	24.1036   	2.250000	0.0175534 	
2.500000	19.0766   	2.500000	23.032    	2.500000	21.7257   	2.500000	21.7257   	2.500000	23.016    	2.500000	0.016009  	
3.000000	17.6349   	3.000000	21.1758   	3.000000	20.2489   	3.000000	20.2489   	3.000000	21.1621   	3.000000	0.013645  	
3.500000	16.3837   	3.500000	19.6342   	3.500000	18.9594   	3.500000	18.9594   	3.500000	19.6222   	3.500000	0.0119162 	
4.000000	15.2972   	4.000000	18.317    	4.000000	17.8244   	4.000000	17.8244   	4.000000	18.3064   	4.000000	0.0105938 	
4.500000	14.3487   	4.500000	17.1717   	4.500000	16.818    	4.500000	16.818    	4.500000	17.1621   	4.500000	0.00954768	
5.000000	13.5151   	5.000000	16.1615   	5.000000	15.92     	5.000000	15.92     	5.000000	16.1528   	5.000000	0.00869838	
5.500000	12.7776   	5.500000	15.2691   	5.500000	15.1138   	5.500000	15.1138   	5.500000	15.2611   	5.500000	0.00799435	
6.000000	12.1206   	6.000000	14.4733   	6.000000	14.386    	6.000000	14.386    	6.000000	14.4659   	6.000000	0.00740074	
6.500000	11.5319   	6.500000	13.7584   	6.500000	13.7258   	6.500000	13.7258   	6.500000	13.7515   	6.500000	0.00689309	
7.000000	11.0014   	7.000000	13.1118   	7.000000	13.1241   	7.000000	13.1241   	7.000000	13.1054   	7.000000	0.00645372	
7.500000	10.5208   	7.500000	12.5237   	7.500000	12.5735   	7.500000	12.5735   	7.500000	12.5176   	7.500000	0.00606952	
8.000000	10.0833   	8.000000	11.9862   	8.000000	12.0677   	8.000000	12.0677   	8.000000	11.9805   	8.000000	0.00573055	
8.500000	9.6834    	8.500000	11.4931   	8.500000	11.6014   	8.500000	11.6014   	8.500000	11.4877   	8.500000	0.00542916	
9.000000	9.31635   	9.000000	11.0391   	9.000000	11.1701   	9.000000	11.1701   	9.000000	11.034    	9.000000	0.00515933	
9.500000	8.97823   	9.500000	10.6197   	9.500000	10.77     	9.500000	10.77     	9.500000	10.6148   	9.500000	0.00491627	
10.000000	8.6657    	10.000000	9.80538   	10.000000	10.3978   	10.000000	10.3978   	10.000000	9.80068   	10.000000	0.00469613	
11.000000	8.10649   	11.000000	9.26142   	11.000000	9.69915   	11.000000	9.73301   	11.000000	9.25711   	11.000000	0.00431258	
12.000000	7.62046   	12.000000	8.7741    	12.000000	9.09239   	12.000000	9.15104   	12.000000	8.77011   	12.000000	0.00398949	
13.000000	7.19396   	13.000000	8.33573   	13.000000	8.56087   	13.000000	8.63772   	13.000000	8.33202   	13.000000	0.00371342	
14.000000	6.81652   	14.000000	7.93971   	14.000000	8.09173   	14.000000	8.18191   	14.000000	7.93623   	14.000000	0.00347467	
15.000000	6.48002   	15.000000	7.58045   	15.000000	7.67494   	15.000000	7.77477   	15.000000	7.57719   	15.000000	0.00326605	
16.000000	6.17804   	16.000000	7.25325   	16.000000	7.30257   	16.000000	7.40916   	16.000000	7.25017   	16.000000	0.00308211	
17.000000	5.90545   	17.000000	6.95411   	17.000000	6.96814   	17.000000	7.07929   	17.000000	6.9512    	17.000000	0.00291866	
18.000000	5.65809   	18.000000	6.67966   	18.000000	6.66623   	18.000000	6.7804    	18.000000	6.67689   	18.000000	0.00277241	
19.000000	5.43257   	19.000000	6.42702   	19.000000	6.3925    	19.000000	6.50852   	19.000000	6.42438   	19.000000	0.00264073	
20.000000	5.22606   	20.000000	6.19373   	20.000000	6.14345   	20.000000	6.26036   	20.000000	6.19121   	20.000000	0.00252153	
21.000000	5.03623   	21.000000	5.97768   	21.000000	5.9161    	21.000000	6.03312   	21.000000	5.97527   	21.000000	0.00241309	
22.000000	4.86109   	22.000000	5.77705   	22.000000	5.70798   	22.000000	5.82444   	22.000000	5.77473   	22.000000	0.00231399	
23.000000	4.69898   	23.000000	5.59026   	23.000000	5.51692   	23.000000	5.63228   	23.000000	5.58804   	23.000000	0.00222305	
24.000000	4.54847   	24.000000	5.41594   	24.000000	5.34105   	24.000000	5.45492   	24.000000	5.4138    	24.000000	0.0021393 	
25.000000	4.40835   	25.000000	5.2529    	25.000000	5.17877   	25.000000	5.29084   	25.000000	5.25083   	25.000000	0.0020619 	
27.000000	4.15515   	27.000000	4.95654   	27.000000	4.88963   	27.000000	4.99749   	27.000000	4.95462   	27.000000	0.00192344	
29.000000	3.93249   	29.000000	4.69418   	29.000000	4.64032   	29.000000	4.74359   	29.000000	4.69238   	29.000000	0.00180312	
31.000000	3.73507   	31.000000	4.46031   	31.000000	4.41653   	31.000000	4.51022   	31.000000	4.45861   	31.000000	0.00169756	
33.000000	3.55877   	33.000000	4.25054   	33.000000	4.21023   	33.000000	4.29121   	33.000000	4.24893   	33.000000	0.00160416	
35.000000	3.40031   	35.000000	4.06133   	35.000000	4.02392   	35.000000	4.09446   	35.000000	4.05981   	35.000000	0.00152091	
38.000000	3.19049   	38.000000	3.80994   	38.000000	3.7764    	38.000000	3.83416   	38.000000	3.80853   	38.000000	0.00141167	
41.000000	3.00815   	41.000000	3.59079   	41.000000	3.56074   	41.000000	3.60823   	41.000000	3.58947   	41.000000	0.00131765	
44.000000	2.84815   	44.000000	3.39805   	44.000000	3.37096   	44.000000	3.41028   	44.000000	3.39681   	44.000000	0.00123584	
47.000000	2.70655   	47.000000	3.22722   	47.000000	3.20308   	47.000000	3.23537   	47.000000	3.22606   	47.000000	0.00116398	
50.000000	2.58029   	50.000000	3.07476   	50.000000	3.05298   	50.000000	3.0797    	50.000000	3.07366   	50.000000	0.00110034	
55.000000	2.39765   	55.000000	2.85409   	55.000000	2.83561   	55.000000	2.85503   	55.000000	2.85308   	55.000000	0.00100898	
60.000000	2.24274   	60.000000	2.66692   	60.000000	2.65115   	60.000000	2.66506   	60.000000	2.66599   	60.000000	0.000932159	
65.000000	2.1096    	65.000000	2.50614   	65.000000	2.49273   	65.000000	2.50228   	65.000000	2.50527   	65.000000	0.000866618	
70.000000	1.99385   	70.000000	2.36653   	70.000000	2.35504   	70.000000	2.3612    	70.000000	2.36572   	70.000000	0.000810016	
75.000000	1.89224   	75.000000	2.24413   	75.000000	2.23447   	75.000000	2.23773   	75.000000	2.24337   	75.000000	0.000760619	
80.000000	1.80229   	80.000000	2.13595   	80.000000	2.12768   	80.000000	2.12875   	80.000000	2.13523   	80.000000	0.000717119	
85.000000	1.72205   	85.000000	2.03963   	85.000000	2.03237   	85.000000	2.03183   	85.000000	2.03895   	85.000000	0.000678505	
90.000000	1.65      	90.000000	1.9533    	90.000000	1.94722   	90.000000	1.94506   	90.000000	1.95266   	90.000000	0.000643989	
95.000000	1.58493   	95.000000	1.87549   	95.000000	1.87026   	95.000000	1.86691   	95.000000	1.87488   	95.000000	0.000612944	
100.000000	1.52584   	100.000000	1.80499   	100.000000	1.80035   	100.000000	1.79615   	100.000000	1.8044    	100.000000	0.000584864	
105.000000	1.47194   	105.000000	1.7408    	105.000000	1.73692   	105.000000	1.73178   	105.000000	1.74024   	105.000000	0.000559339	
110.000000	1.42255   	110.000000	1.68211   	110.000000	1.67879   	110.000000	1.67296   	110.000000	1.68158   	110.000000	0.000536031	
115.000000	1.37711   	115.000000	1.62824   	115.000000	1.62541   	115.000000	1.61901   	115.000000	1.62773   	115.000000	0.00051466	
120.000000	1.33516   	120.000000	1.57862   	120.000000	1.57625   	120.000000	1.56933   	120.000000	1.57813   	120.000000	0.000494991	
125.000000	1.29631   	125.000000	1.53276   	125.000000	1.53084   	125.000000	1.52344   	125.000000	1.53228   	125.000000	0.000476826	
130.000000	1.26021   	130.000000	1.49024   	130.000000	1.48874   	130.000000	1.48092   	130.000000	1.48978   	130.000000	0.000459997	
135.000000	1.22658   	135.000000	1.45071   	135.000000	1.44948   	135.000000	1.44141   	135.000000	1.45027   	135.000000	0.000444359	
140.000000	1.19516   	140.000000	1.41387   	140.000000	1.41297   	140.000000	1.4046    	140.000000	1.41344   	140.000000	0.000429789	
145.000000	1.16574   	145.000000	1.37945   	145.000000	1.3789    	145.000000	1.37022   	145.000000	1.37903   	145.000000	0.00041618	
150.000000	1.13812   	150.000000	1.34721   	150.000000	1.3469    	150.000000	1.33804   	150.000000	1.34681   	150.000000	0.000403439	
155.000000	1.09917   	155.000000	1.31696   	155.000000	1.31688   	155.000000	1.30785   	155.000000	1.31657   	155.000000	0.000391484	
160.000000	1.07637   	160.000000	1.28852   	160.000000	1.28866   	160.000000	1.27948   	160.000000	1.28814   	160.000000	0.000380243	
165.000000	1.05486   	165.000000	1.26172   	165.000000	1.26208   	165.000000	1.25277   	165.000000	1.26135   	165.000000	0.000369654	
170.000000	1.03453   	170.000000	1.23644   	170.000000	1.23701   	170.000000	1.22757   	170.000000	1.23608   	170.000000	0.000359661	
175.000000	1.0153    	175.000000	1.21254   	175.000000	1.21331   	175.000000	1.20376   	175.000000	1.21219   	175.000000	0.000350214	
180.000000	0.997063  	180.000000	1.18991   	180.000000	1.19088   	180.000000	1.18122   	180.000000	1.18957   	180.000000	0.000341269	
185.000000	0.979753  	185.000000	1.16846   	185.000000	1.16964   	185.000000	1.15987   	185.000000	1.16812   	185.000000	0.000332787	
190.000000	0.963297  	190.000000	1.14809   	190.000000	1.14947   	190.000000	1.13961   	190.000000	1.14776   	190.000000	0.000324732	
195.000000	0.947634  	195.000000	1.12873   	195.000000	1.13026   	195.000000	1.12035   	195.000000	1.12841   	195.000000	0.000317072	
200.000000	0.932707  	200.000000	1.1103    	200.000000	1.11194   	200.000000	1.10203   	200.000000	1.10999   	200.000000	0.000309779	
210.000000	0.904862  	210.000000	1.07598   	210.000000	1.07796   	210.000000	1.06794   	210.000000	1.07568   	210.000000	0.00029619	
220.000000	0.879403  	220.000000	1.04468   	220.000000	1.04692   	220.000000	1.03687   	220.000000	1.04439   	220.000000	0.000283786	
230.000000	0.856036  	230.000000	1.01601   	230.000000	1.01852   	230.000000	1.00845   	230.000000	1.01574   	230.000000	0.000272414	
240.000000	0.834511  	240.000000	0.989668  	240.000000	0.992471  	240.000000	0.982347  	240.000000	0.989406  	240.000000	0.000261951	
250.000000	0.814618  	250.000000	0.965373  	250.000000	0.968426  	250.000000	0.958298  	250.000000	0.965121  	250.000000	0.000252291	
260.000000	0.796177  	260.000000	0.9429    	260.000000	0.94618   	260.000000	0.936073  	260.000000	0.942657  	260.000000	0.000243342	
270.000000	0.779035  	270.000000	0.922054  	270.000000	0.925565  	270.000000	0.915475  	270.000000	0.921819  	270.000000	0.000235029	
280.000000	0.763059  	280.000000	0.902665  	280.000000	0.906405  	280.000000	0.896335  	280.000000	0.902437  	280.000000	0.000227285	
290.000000	0.748135  	290.000000	0.884588  	290.000000	0.888556  	290.000000	0.878507  	290.000000	0.884367  	290.000000	0.000220054	
300.000000	0.734162  	300.000000	0.867695  	300.000000	0.87189   	300.000000	0.861863  	300.000000	0.867482  	300.000000	0.000213284	
310.000000	0.721053  	310.000000	0.851878  	310.000000	0.856297  	310.000000	0.846292  	310.000000	0.851671  	310.000000	0.000206933	
320.000000	0.708731  	320.000000	0.837036  	320.000000	0.841678  	320.000000	0.831696  	320.000000	0.836835  	320.000000	0.000200963	
330.000000	0.697127  	330.000000	0.823086  	330.000000	0.827949  	330.000000	0.817989  	330.000000	0.82289   	330.000000	0.00019534	
340.000000	0.686182  	340.000000	0.80995   	340.000000	0.81503   	340.000000	0.805095  	340.000000	0.80976   	340.000000	0.000190034	
350.000000	0.675841  	350.000000	0.797561  	350.000000	0.802855  	350.000000	0.792945  	350.000000	0.797376  	350.000000	0.000185019	
360.000000	0.666057  	360.000000	0.785859  	360.000000	0.791373  	360.000000	0.781479  	360.000000	0.785679  	360.000000	0.000180272	
370.000000	0.656787  	370.000000	0.774789  	370.000000	0.780516  	370.000000	0.770644  	370.000000	0.774614  	370.000000	0.00017577	
380.000000	0.647993  	380.000000	0.764304  	380.000000	0.770203  	380.000000	0.76039   	380.000000	0.764133  	380.000000	0.000171496	
390.000000	0.639639  	390.000000	0.75436   	390.000000	0.760419  	390.000000	0.750674  	390.000000	0.754193  	390.000000	0.000167432	
400.000000	0.631694  	400.000000	0.744917  	400.000000	0.751169  	400.000000	0.741456  	400.000000	0.744754  	400.000000	0.000163563	
410.000000	0.624129  	410.000000	0.735941  	410.000000	0.742399  	410.000000	0.7327    	410.000000	0.735781  	410.000000	0.000159875	
420.000000	0.61692   	420.000000	0.727398  	420.000000	0.734054  	420.000000	0.724375  	420.000000	0.727241  	420.000000	0.000156356	
430.000000	0.610042  	430.000000	0.719259  	430.000000	0.726109  	430.000000	0.716451  	430.000000	0.719106  	430.000000	0.000152993	
440.000000	0.603474  	440.000000	0.711497  	440.000000	0.718545  	440.000000	0.708902  	440.000000	0.711348  	440.000000	0.000149778	
450.000000	0.597196  	450.000000	0.704089  	450.000000	0.711325  	450.000000	0.701701  	450.000000	0.703943  	450.000000	0.000146699	
460.000000	0.59119   	460.000000	0.697012  	460.000000	0.704407  	460.000000	0.694828  	460.000000	0.696868  	460.000000	0.000143749	
470.000000	0.58544   	470.000000	0.690245  	470.000000	0.697786  	470.000000	0.688262  	470.000000	0.690104  	470.000000	0.00014092	
480.000000	0.579931  	480.000000	0.68377   	480.000000	0.691471  	480.000000	0.681984  	480.000000	0.683631  	480.000000	0.000138204	
490.000000	0.574648  	490.000000	0.677568  	490.000000	0.68545   	490.000000	0.675976  	490.000000	0.677433  	490.000000	0.000135594	
500.000000	0.56958   	500.000000	0.671625  	500.000000	0.67968   	500.000000	0.670223  	500.000000	0.671492  	500.000000	0.000133084	
520.000000	0.560036  	520.000000	0.660455  	520.000000	0.668794  	520.000000	0.659422  	520.000000	0.660327  	520.000000	0.000128343	
540.000000	0.551216  	540.000000	0.650155  	540.000000	0.658797  	540.000000	0.649476  	540.000000	0.650031  	540.000000	0.000123939	
560.000000	0.543045  	560.000000	0.640634  	560.000000	0.649582  	560.000000	0.640295  	560.000000	0.640514  	560.000000	0.000119838	
580.000000	0.535459  	580.000000	0.631814  	580.000000	0.641011  	580.000000	0.631799  	580.000000	0.631698  	580.000000	0.000116009	
600.000000	0.528403  	600.000000	0.623626  	600.000000	0.633092  	600.000000	0.623922  	600.000000	0.623513  	600.000000	0.000112424	
620.000000	0.521829  	620.000000	0.616011  	620.000000	0.625749  	620.000000	0.616603  	620.000000	0.615901  	620.000000	0.000109063	
640.000000	0.515693  	640.000000	0.608916  	640.000000	0.618878  	640.000000	0.609791  	640.000000	0.60881   	640.000000	0.000105903	
660.000000	0.509959  	660.000000	0.602296  	660.000000	0.612472  	660.000000	0.603439  	660.000000	0.602193  	660.000000	0.000102927	
680.000000	0.504591  	680.000000	0.59611   	680.000000	0.606519  	680.000000	0.597507  	680.000000	0.596009  	680.000000	0.000100119	
700.000000	0.499561  	700.000000	0.590321  	700.000000	0.600947  	700.000000	0.591959  	700.000000	0.590223  	700.000000	9.7466e-05	
720.000000	0.494841  	720.000000	0.584897  	720.000000	0.595706  	720.000000	0.586762  	720.000000	0.584802  	720.000000	9.49545e-05	
740.000000	0.490409  	740.000000	0.57981   	740.000000	0.590779  	740.000000	0.581889  	740.000000	0.579718  	740.000000	9.25734e-05	
760.000000	0.486243  	760.000000	0.575033  	760.000000	0.586153  	760.000000	0.577313  	760.000000	0.574943  	760.000000	9.03129e-05	
780.000000	0.482322  	780.000000	0.570544  	780.000000	0.581814  	780.000000	0.573012  	780.000000	0.570456  	780.000000	8.81639e-05	
800.000000	0.47863   	800.000000	0.566321  	800.000000	0.577745  	800.000000	0.568964  	800.000000	0.566235  	800.000000	8.61182e-05	
820.000000	0.475152  	820.000000	0.562345  	820.000000	0.573918  	820.000000	0.565151  	820.000000	0.56226   	820.000000	8.41685e-05	
840.000000	0.471872  	840.000000	0.558598  	840.000000	0.570304  	840.000000	0.561555  	840.000000	0.558516  	840.000000	8.23081e-05	
860.000000	0.468777  	860.000000	0.555066  	860.000000	0.566881  	860.000000	0.558162  	860.000000	0.554986  	860.000000	8.05309e-05	
880.000000	0.465857  	880.000000	0.551735  	880.000000	0.56364   	880.000000	0.554957  	880.000000	0.551656  	880.000000	7.88314e-05	
900.000000	0.463098  	900.000000	0.54859   	900.000000	0.560573  	900.000000	0.551928  	900.000000	0.548513  	900.000000	7.72046e-05	
920.000000	0.460493  	920.000000	0.54562   	920.000000	0.557672  	920.000000	0.549062  	920.000000	0.545544  	920.000000	7.56458e-05	
940.000000	0.458031  	940.000000	0.542814  	940.000000	0.55493   	940.000000	0.546349  	940.000000	0.54274   	940.000000	7.41508e-05	
960.000000	0.455704  	960.000000	0.540163  	960.000000	0.55234   	960.000000	0.543779  	960.000000	0.54009   	960.000000	7.27158e-05	
980.000000	0.453505  	980.000000	0.537656  	980.000000	0.549891  	980.000000	0.541344  	980.000000	0.537585  	980.000000	7.13371e-05	
1000.000000	0.451425  	1000.000000	0.535286  	1000.000000	0.547572  	1000.000000	0.539034  	1000.000000	0.535216  	1000.000000	7.00115e-05	
1020.000000	0.44946   	1020.000000	0.533044  	1020.000000	0.545369  	1020.000000	0.536842  	1020.000000	0.532975  	1020.000000	6.87359e-05	
1040.000000	0.447601  	1040.000000	0.530924  	1040.000000	0.543273  	1040.000000	0.534761  	1040.000000	0.530856  	1040.000000	6.75075e-05	
1060.000000	0.445844  	1060.000000	0.528918  	1060.000000	0.541277  	1060.000000	0.532785  	1060.000000	0.528851  	1060.000000	6.63237e-05	
1080.000000	0.444183  	1080.000000	0.52702   	1080.000000	0.539375  	1080.000000	0.530907  	1080.000000	0.526955  	1080.000000	6.51821e-05	
1100.000000	0.442614  	1100.000000	0.525225  	1100.000000	0.537566  	1100.000000	0.529122  	1100.000000	0.525161  	1100.000000	6.40805e-05	
1120.000000	0.441132  	1120.000000	0.523527  	1120.000000	0.535844  	1120.000000	0.527425  	1120.000000	0.523464  	1120.000000	6.30167e-05	
1140.000000	0.439732  	1140.000000	0.521922  	1140.000000	0.534206  	1140.000000	0.52581   	1140.000000	0.52186   	1140.000000	6.19889e-05	
1160.000000	0.43841   	1160.000000	0.520403  	1160.000000	0.532648  	1160.000000	0.524273  	1160.000000	0.520342  	1160.000000	6.09951e-05	
1180.000000	0.437164  	1180.000000	0.518968  	1180.000000	0.531168  	1180.000000	0.522811  	1180.000000	0.518908  	1180.000000	6.00338e-05	
1200.000000	0.435988  	1200.000000	0.517612  	1200.000000	0.529762  	1200.000000	0.521419  	1200.000000	0.517553  	1200.000000	5.91034e-05	
1220.000000	0.434881  	1220.000000	0.516331  	1220.000000	0.528426  	1220.000000	0.520093  	1220.000000	0.516273  	1220.000000	5.82023e-05	
1240.000000	0.433839  	1240.000000	0.515122  	1240.000000	0.527156  	1240.000000	0.51883   	1240.000000	0.515064  	1240.000000	5.73292e-05	
1260.000000	0.432859  	1260.000000	0.513981  	1260.000000	0.525947  	1260.000000	0.517627  	1260.000000	0.513924  	1260.000000	5.64827e-05	
1280.000000	0.431938  	1280.000000	0.512905  	1280.000000	0.524794  	1280.000000	0.51648   	1280.000000	0.512849  	1280.000000	5.56618e-05	
1300.000000	0.431074  	1300.000000	0.511891  	1300.000000	0.523695  	1300.000000	0.515388  	1300.000000	0.511836  	1300.000000	5.48651e-05	
1320.000000	0.430264  	1320.000000	0.510937  	1320.000000	0.522645  	1320.000000	0.514347  	1320.000000	0.510883  	1320.000000	5.40917e-05	
1340.000000	0.429507  	1340.000000	0.510039  	1340.000000	0.521641  	1340.000000	0.513355  	1340.000000	0.509986  	1340.000000	5.33406e-05	
1360.000000	0.428799  	1360.000000	0.509196  	1360.000000	0.520683  	1360.000000	0.512409  	1360.000000	0.509144  	1360.000000	5.26107e-05	
1380.000000	0.42814   	1380.000000	0.508405  	1380.000000	0.519767  	1380.000000	0.511508  	1380.000000	0.508353  	1380.000000	5.19011e-05	
1400.000000	0.427526  	1400.000000	0.507664  	1400.000000	0.518894  	1400.000000	0.510649  	1400.000000	0.507612  	1400.000000	5.12111e-05	
1420.000000	0.426957  	1420.000000	0.50697   	1420.000000	0.518061  	1420.000000	0.509831  	1420.000000	0.506919  	1420.000000	5.05399e-05	
1440.000000	0.42643   	1440.000000	0.506322  	1440.000000	0.517267  	1440.000000	0.50905   	1440.000000	0.506272  	1440.000000	4.98865e-05	
1460.000000	0.425945  	1460.000000	0.505718  	1460.000000	0.516511  	1460.000000	0.508307  	1460.000000	0.505669  	1460.000000	4.92504e-05	
1480.000000	0.425498  	1480.000000	0.505156  	1480.000000	0.51579   	1480.000000	0.507599  	1480.000000	0.505108  	1480.000000	4.86309e-05	
1500.000000	0.42509   	1500.000000	0.504635  	1500.000000	0.515104  	1500.000000	0.506924  	1500.000000	0.504587  	1500.000000	4.80273e-05	
1520.000000	0.424718  	1520.000000	0.504153  	1520.000000	0.51445   	1520.000000	0.506281  	1520.000000	0.504105  	1520.000000	4.7439e-05	
1540.000000	0.424382  	1540.000000	0.503708  	1540.000000	0.513828  	1540.000000	0.505669  	1540.000000	0.503661  	1540.000000	4.68654e-05	
1560.000000	0.42408   	1560.000000	0.503299  	1560.000000	0.513235  	1560.000000	0.505086  	1560.000000	0.503253  	1560.000000	4.63059e-05	
1580.000000	0.42381   	1580.000000	0.502925  	1580.000000	0.512671  	1580.000000	0.504532  	1580.000000	0.502879  	1580.000000	4.57601e-05	
1600.000000	0.423572  	1600.000000	0.502584  	1600.000000	0.512134  	1600.000000	0.504004  	1600.000000	0.502539  	1600.000000	4.52275e-05	
1620.000000	0.423365  	1620.000000	0.502275  	1620.000000	0.511623  	1620.000000	0.503502  	1620.000000	0.50223   	1620.000000	4.47075e-05	
1640.000000	0.423187  	1640.000000	0.501997  	1640.000000	0.511137  	1640.000000	0.503025  	1640.000000	0.501953  	1640.000000	4.41997e-05	
1660.000000	0.423038  	1660.000000	0.501749  	1660.000000	0.510674  	1660.000000	0.502572  	1660.000000	0.501706  	1660.000000	4.37038e-05	
1680.000000	0.422917  	1680.000000	0.50153   	1680.000000	0.510235  	1680.000000	0.502141  	1680.000000	0.501487  	1680.000000	4.32192e-05	
1700.000000	0.422823  	1700.000000	0.501339  	1700.000000	0.509818  	1700.000000	0.501732  	1700.000000	0.501296  	1700.000000	4.27455e-05	
1750.000000	0.422698  	1750.000000	0.500976  	1750.000000	0.508865  	1750.000000	0.5008    	1750.000000	0.500935  	1750.000000	4.16071e-05	
1800.000000	0.422723  	1800.000000	0.500768  	1800.000000	0.508032  	1800.000000	0.499987  	1800.000000	0.500727  	1800.000000	4.05297e-05	
1850.000000	0.422888  	1850.000000	0.500701  	1850.000000	0.507307  	1850.000000	0.499281  	1850.000000	0.500661  	1850.000000	3.95085e-05	
1900.000000	0.423181  	1900.000000	0.500764  	1900.000000	0.506681  	1900.000000	0.498673  	1900.000000	0.500726  	1900.000000	3.8539e-05	
1950.000000	0.423595  	1950.000000	0.500948  	1950.000000	0.506145  	1950.000000	0.498154  	1950.000000	0.500911  	1950.000000	3.76175e-05	
2000.000000	0.42412   	2000.000000	0.501244  	2000.000000	0.505692  	2000.000000	0.497715  	2000.000000	0.501207  	2000.000000	3.67404e-05	
2100.000000	0.425478  	2100.000000	0.502138  	2100.000000	0.505007  	2100.000000	0.497054  	2100.000000	0.502103  	2100.000000	3.51072e-05	
2200.000000	0.427205  	2200.000000	0.503391  	2200.000000	0.504575  	2200.000000	0.496639  	2200.000000	0.503357  	2200.000000	3.36172e-05	
2300.000000	0.429257  	2300.000000	0.504954  	2300.000000	0.504352  	2300.000000	0.496432  	2300.000000	0.504922  	2300.000000	3.22524e-05	
2400.000000	0.4316    	2400.000000	0.50679   	2400.000000	0.504304  	2400.000000	0.4964    	2400.000000	0.506759  	2400.000000	3.09973e-05	
2500.000000	0.434202  	2500.000000	0.508865  	2500.000000	0.504404  	2500.000000	0.496517  	2500.000000	0.508835  	2500.000000	2.98391e-05	
2600.000000	0.43704   	2600.000000	0.511151  	2600.000000	0.504629  	2600.000000	0.496759  	2600.000000	0.511123  	2600.000000	2.87669e-05	
2700.000000	0.44009   	2700.000000	0.513626  	2700.000000	0.504963  	2700.000000	0.497108  	2700.000000	0.513598  	2700.000000	2.77715e-05	
2800.000000	0.443333  	2800.000000	0.516267  	2800.000000	0.505388  	2800.000000	0.497548  	2800.000000	0.516241  	2800.000000	2.68446e-05	
2900.000000	0.446754  	2900.000000	0.519059  	2900.000000	0.505892  	2900.000000	0.498066  	2900.000000	0.519033  	2900.000000	2.59795e-05	
3000.000000	0.450337  	3000.000000	0.521985  	3000.000000	0.506464  	3000.000000	0.498651  	3000.000000	0.52196   	3000.000000	2.51701e-05	
3200.000000	0.457943  	3200.000000	0.528188  	3200.000000	0.507773  	3200.000000	0.499982  	3200.000000	0.528165  	3200.000000	2.36979e-05	
3400.000000	0.466069  	3400.000000	0.53479   	3400.000000	0.509253  	3400.000000	0.50148   	3400.000000	0.534768  	3400.000000	2.23932e-05	
3600.000000	0.474648  	3600.000000	0.541721  	3600.000000	0.510856  	3600.000000	0.503098  	3600.000000	0.5417    	3600.000000	2.12286e-05	
3800.000000	0.483628  	3800.000000	0.548928  	3800.000000	0.512549  	3800.000000	0.504803  	3800.000000	0.548908  	3800.000000	2.01825e-05	
4000.000000	0.492967  	4000.000000	0.556366  	4000.000000	0.514303  	4000.000000	0.506567  	4000.000000	0.556347  	4000.000000	1.92376e-05	
4200.000000	0.502631  	4200.000000	0.564002  	4200.000000	0.516097  	4200.000000	0.508371  	4200.000000	0.563984  	4200.000000	1.83796e-05	
4400.000000	0.512591  	4400.000000	0.571806  	4400.000000	0.517916  	4400.000000	0.510199  	4400.000000	0.571788  	4400.000000	1.75971e-05	
4600.000000	0.522825  	4600.000000	0.579754  	4600.000000	0.519748  	4600.000000	0.51204   	4600.000000	0.579737  	4600.000000	1.68804e-05	
4800.000000	0.533311  	4800.000000	0.587828  	4800.000000	0.521583  	4800.000000	0.513885  	4800.000000	0.587812  	4800.000000	1.62214e-05	
5000.000000	0.544034  	5000.000000	0.59601   	5000.000000	0.523414  	5000.000000	0.515726  	5000.000000	0.595994  	5000.000000	1.56134e-05	
5250.000000	0.557749  	5250.000000	0.606369  	5250.000000	0.52569   	5250.000000	0.518014  	5250.000000	0.606354  	5250.000000	1.49165e-05	
5500.000000	0.571787  	5500.000000	0.616853  	5500.000000	0.527943  	5500.000000	0.52028   	5500.000000	0.616839  	5500.000000	1.42808e-05	
6000.000000	0.600762  	6000.000000	0.638127  	6000.000000	0.532364  	6000.000000	0.524725  	6000.000000	0.638114  	6000.000000	1.31633e-05	
6500.000000	0.630838  	6500.000000	0.659715  	6500.000000	0.536652  	6500.000000	0.529032  	6500.000000	0.659703  	6500.000000	1.22124e-05	
7000.000000	0.661927  	7000.000000	0.681538  	7000.000000	0.540775  	7000.000000	0.53319   	7000.000000	0.681526  	7000.000000	1.1393e-05	
7500.000000	0.693965  	7500.000000	0.703536  	7500.000000	0.544767  	7500.000000	0.537195  	7500.000000	0.703525  	7500.000000	1.06795e-05	
8000.000000	0.726903  	8000.000000	0.725666  	8000.000000	0.548614  	8000.000000	0.541048  	8000.000000	0.725656  	8000.000000	1.00525e-05	
8500.000000	0.760704  	8500.000000	0.747896  	8500.000000	0.552309  	8500.000000	0.544756  	8500.000000	0.747887  	8500.000000	9.49684e-06	
9000.000000	0.795338  	9000.000000	0.770202  	9000.000000	0.55586   	9000.000000	0.548323  	9000.000000	0.770193  	9000.000000	9.00102e-06	
9500.000000	0.830783  	9500.000000	0.792563  	9500.000000	0.559278  	9500.000000	0.551758  	9500.000000	0.792554  	9500.000000	8.55577e-06	
10000.000000	0.867021  	10000.000000	0.814964  	10000.000000	0.56257   	10000.000000	0.555066  	10000.000000	0.814956  	10000.000000	8.15366e-06	
11000.000000	0.941816  	11000.000000	0.859846  	11000.000000	0.568802  	11000.000000	0.561332  	11000.000000	0.859839  	11000.000000	7.45578e-06	
12000.000000	1.01964   	12000.000000	0.904779  	12000.000000	0.574604  	12000.000000	0.567176  	12000.000000	0.904772  	12000.000000	6.87076e-06	
13000.000000	1.10043   	13000.000000	0.949719  	13000.000000	0.580028  	13000.000000	0.572644  	13000.000000	0.949712  	13000.000000	6.37306e-06	
14000.000000	1.18414   	14000.000000	0.994636  	14000.000000	0.585121  	14000.000000	0.577777  	14000.000000	0.99463   	14000.000000	5.94434e-06	
15000.000000	1.27076   	15000.000000	1.03951   	15000.000000	0.589916  	15000.000000	0.582612  	15000.000000	1.03951   	15000.000000	5.57107e-06	
16000.000000	1.36027   	16000.000000	1.08433   	16000.000000	0.594439  	16000.000000	0.587179  	16000.000000	1.08433   	16000.000000	5.24307e-06	
17000.000000	1.45265   	17000.000000	1.12909   	17000.000000	0.598717  	17000.000000	0.591506  	17000.000000	1.12909   	17000.000000	4.9525e-06	
18000.000000	1.54791   	18000.000000	1.17378   	18000.000000	0.602774  	18000.000000	0.595614  	18000.000000	1.17378   	18000.000000	4.69325e-06	
19000.000000	1.64603   	19000.000000	1.2184    	19000.000000	0.606632  	19000.000000	0.599525  	19000.000000	1.21839   	19000.000000	4.46048e-06	
20000.000000	1.74702   	20000.000000	1.26294   	20000.000000	0.610309  	20000.000000	0.603255  	20000.000000	1.26294   	20000.000000	4.2503e-06	
21000.000000	1.85089   	21000.000000	1.30741   	21000.000000	0.61382   	21000.000000	0.606821  	21000.000000	1.30741   	21000.000000	4.05953e-06	
22000.000000	1.95764   	22000.000000	1.35181   	22000.000000	0.617175  	22000.000000	0.610236  	22000.000000	1.3518    	22000.000000	3.88559e-06	
23000.000000	2.06728   	23000.000000	1.39613   	23000.000000	0.620389  	23000.000000	0.613511  	23000.000000	1.39612   	23000.000000	3.72633e-06	
24000.000000	2.17982   	24000.000000	1.44037   	24000.000000	0.623472  	24000.000000	0.616658  	24000.000000	1.44037   	24000.000000	3.57994e-06	
25000.000000	2.29526   	25000.000000	1.48455   	25000.000000	0.62643   	25000.000000	0.619686  	25000.000000	1.48454   	25000.000000	3.44491e-06	
26000.000000	2.41363   	26000.000000	1.52865   	26000.000000	0.629277  	26000.000000	0.622603  	26000.000000	1.52865   	26000.000000	3.31997e-06	
27000.000000	2.53492   	27000.000000	1.57268   	27000.000000	0.632022  	27000.000000	0.625418  	27000.000000	1.57268   	27000.000000	3.204e-06 	
28000.000000	2.65916   	28000.000000	1.61664   	28000.000000	0.634671  	28000.000000	0.628136  	28000.000000	1.61664   	28000.000000	3.09607e-06	
29000.000000	2.78634   	29000.000000	1.66054   	29000.000000	0.637229  	29000.000000	0.630765  	29000.000000	1.66054   	29000.000000	2.99537e-06	
30000.000000	2.9165    	30000.000000	1.70437   	30000.000000	0.639701  	30000.000000	0.63331   	30000.000000	1.70436   	30000.000000	2.90118e-06	
32000.000000	3.18577   	32000.000000	1.79183   	32000.000000	0.644405  	32000.000000	0.638168  	32000.000000	1.79183   	32000.000000	2.72995e-06	
34000.000000	3.46708   	34000.000000	1.87905   	34000.000000	0.648817  	34000.000000	0.642745  	34000.000000	1.87905   	34000.000000	2.57829e-06	
36000.000000	3.76054   	36000.000000	1.96604   	36000.000000	0.652961  	36000.000000	0.647073  	36000.000000	1.96603   	36000.000000	2.443e-06 	
38000.000000	4.06628   	38000.000000	2.0528    	38000.000000	0.656867  	38000.000000	0.651177  	38000.000000	2.05279   	38000.000000	2.32154e-06	
40000.000000	4.38442   	40000.000000	2.13934   	40000.000000	0.660563  	40000.000000	0.655079  	40000.000000	2.13934   	40000.000000	2.21188e-06	
42000.000000	4.71509   	42000.000000	2.22567   	42000.000000	0.664073  	42000.000000	0.658797  	42000.000000	2.22567   	42000.000000	2.11237e-06	
44000.000000	5.05842   	44000.000000	2.31181   	44000.000000	0.667419  	44000.000000	0.662348  	44000.000000	2.31181   	44000.000000	2.02165e-06	
46000.000000	5.41454   	46000.000000	2.39776   	46000.000000	0.670618  	46000.000000	0.665747  	46000.000000	2.39776   	46000.000000	1.93858e-06	
48000.000000	5.78358   	48000.000000	2.48353   	48000.000000	0.673679  	48000.000000	0.669005  	48000.000000	2.48353   	48000.000000	1.86225e-06	
50000.000000	6.16569   	50000.000000	2.56912   	50000.000000	0.676598  	50000.000000	0.672134  	50000.000000	2.56912   	50000.000000	1.79184e-06	
