Energy (MeV/u)1	0 - [He-base] F.Hubert et al, AD&ND Tables 46(1990)1	Energy (MeV/u)2	1 - [H -base] J.F.Ziegler et al, Pergamon Press, NY (low energy)	Energy (MeV/u)3	2 - ATIMA 1.2  LS-theory (recommended for high energy)	Energy (MeV/u)4	3 - ATIMA 1.2  without LS-correction	Energy (MeV/u)5	4 - electrical component of [1] - J.F.Ziegler et al	Energy (MeV/u)6	5 - nuclear component of [1] - J.F.Ziegler et al	
0.001000	4.54861   	0.001000	4.46575   	0.001000	4.50341   	0.001000	4.50341   	0.001000	1.43879   	0.001000	3.02696   	
0.002000	4.59517   	0.002000	4.44479   	0.002000	4.49849   	0.002000	4.49849   	0.002000	1.88527   	0.002000	2.55952   	
0.005000	4.84581   	0.005000	4.47425   	0.005000	4.56655   	0.005000	4.56655   	0.005000	2.69729   	0.005000	1.77696   	
0.008000	5.16755   	0.008000	4.63704   	0.008000	4.76158   	0.008000	4.76158   	0.008000	3.24265   	0.008000	1.39439   	
0.010000	5.38155   	0.010000	4.76833   	0.010000	4.91239   	0.010000	4.91239   	0.010000	3.53926   	0.010000	1.22907   	
0.015000	6.10675   	0.015000	5.13709   	0.015000	5.33745   	0.015000	5.33745   	0.015000	4.17533   	0.015000	0.961763  	
0.020000	6.76898   	0.020000	5.56928   	0.020000	5.94247   	0.020000	5.94247   	0.020000	4.77      	0.020000	0.79928   	
0.025000	7.54821   	0.025000	6.11975   	0.025000	6.59009   	0.025000	6.59009   	0.025000	5.4312    	0.025000	0.688557  	
0.030000	8.24802   	0.030000	6.67358   	0.030000	7.19975   	0.030000	7.19975   	0.030000	6.066     	0.030000	0.607578  	
0.035000	8.8653    	0.035000	7.21827   	0.035000	7.80664   	0.035000	7.80664   	0.035000	6.67575   	0.035000	0.542526  	
0.040000	9.40791   	0.040000	7.76045   	0.040000	8.40939   	0.040000	8.40939   	0.040000	7.26834   	0.040000	0.492107  	
0.045000	9.85818   	0.045000	8.30249   	0.045000	9.0029    	0.045000	9.0029    	0.045000	7.85094   	0.045000	0.45155   	
0.050000	10.2091   	0.050000	8.82539   	0.050000	9.58421   	0.050000	9.58421   	0.050000	8.40714   	0.050000	0.418248  	
0.055000	10.7845   	0.055000	9.40073   	0.055000	10.1507   	0.055000	10.1507   	0.055000	9.01076   	0.055000	0.389973  	
0.060000	11.3014   	0.060000	9.96067   	0.060000	10.701    	0.060000	10.701    	0.060000	9.59503   	0.060000	0.365633  	
0.070000	12.1666   	0.070000	11.0277   	0.070000	11.7494   	0.070000	11.7494   	0.070000	10.7019   	0.070000	0.325787  	
0.080000	13.0878   	0.080000	12.0046   	0.080000	12.7245   	0.080000	12.7245   	0.080000	11.7101   	0.080000	0.294452  	
0.090000	13.8652   	0.090000	12.8982   	0.090000	13.6251   	0.090000	13.6251   	0.090000	12.6291   	0.090000	0.269097  	
0.100000	14.5124   	0.100000	13.6984   	0.100000	14.452    	0.100000	14.452    	0.100000	13.4503   	0.100000	0.248114  	
0.120000	15.185    	0.120000	15.0596   	0.120000	15.8948   	0.120000	15.8948   	0.120000	14.8443   	0.120000	0.215308  	
0.140000	15.6901   	0.140000	16.1609   	0.140000	17.0821   	0.140000	17.0821   	0.140000	15.9701   	0.140000	0.190743  	
0.160000	16.1362   	0.160000	17.0513   	0.160000	18.0495   	0.160000	18.0495   	0.160000	16.8798   	0.160000	0.171595  	
0.180000	16.574    	0.180000	17.7772   	0.180000	18.8328   	0.180000	18.8328   	0.180000	17.621    	0.180000	0.156209  	
0.200000	17.1183   	0.200000	18.4579   	0.200000	19.465    	0.200000	19.465    	0.200000	18.3143   	0.200000	0.143552  	
0.250000	18.1727   	0.250000	19.9871   	0.250000	20.5611   	0.250000	20.5611   	0.250000	19.8673   	0.250000	0.119862  	
0.300000	19.0586   	0.300000	21.0066   	0.300000	21.209    	0.300000	21.209    	0.300000	20.9033   	0.300000	0.103304  	
0.350000	19.8001   	0.350000	21.7412   	0.350000	21.6031   	0.350000	21.6031   	0.350000	21.6502   	0.350000	0.0910234 	
0.400000	20.8257   	0.400000	22.7736   	0.400000	22.0331   	0.400000	22.0331   	0.400000	22.692    	0.400000	0.0815232 	
0.450000	21.6559   	0.450000	23.6275   	0.450000	22.7706   	0.450000	22.7706   	0.450000	23.5536   	0.450000	0.0739374 	
0.500000	22.3205   	0.500000	24.3401   	0.500000	23.3424   	0.500000	23.3424   	0.500000	24.2724   	0.500000	0.067729  	
0.600000	22.4781   	0.600000	24.8238   	0.600000	24.1402   	0.600000	24.1402   	0.600000	24.7656   	0.600000	0.0581501 	
0.700000	21.8535   	0.700000	24.6062   	0.700000	24.1835   	0.700000	24.1835   	0.700000	24.5551   	0.700000	0.0510816 	
0.800000	21.9001   	0.800000	24.2975   	0.800000	24.1055   	0.800000	24.1055   	0.800000	24.2519   	0.800000	0.0456353 	
0.900000	21.8356   	0.900000	23.9282   	0.900000	23.9655   	0.900000	23.9655   	0.900000	23.8869   	0.900000	0.0413009 	
1.000000	21.6944   	1.000000	23.5177   	1.000000	23.7817   	1.000000	23.7817   	1.000000	23.48     	1.000000	0.0377634 	
1.250000	20.9784   	1.250000	22.8485   	1.250000	22.9429   	1.250000	22.9429   	1.250000	22.8173   	1.250000	0.0312149 	
1.500000	20.1447   	1.500000	22.1055   	1.500000	22.1349   	1.500000	22.1349   	1.500000	22.0788   	1.500000	0.0266961 	
1.750000	19.3187   	1.750000	21.3844   	1.750000	21.3756   	1.750000	21.3756   	1.750000	21.361    	1.750000	0.0233779 	
2.000000	18.4685   	2.000000	20.633    	2.000000	20.6583   	2.000000	20.6583   	2.000000	20.6121   	2.000000	0.0208312 	
2.250000	17.7324   	2.250000	19.8416   	2.250000	19.9806   	2.250000	19.9806   	2.250000	19.8228   	2.250000	0.0188111 	
2.500000	19.0766   	2.500000	19.1287   	2.500000	19.3405   	2.500000	19.3405   	2.500000	19.1116   	2.500000	0.017167  	
3.000000	17.6349   	3.000000	17.868    	3.000000	18.1658   	3.000000	18.1658   	3.000000	17.8533   	3.000000	0.0146477 	
3.500000	16.3837   	3.500000	16.7792   	3.500000	17.1185   	3.500000	17.1185   	3.500000	16.7664   	3.500000	0.0128029 	
4.000000	15.2972   	4.000000	15.8195   	4.000000	16.1823   	4.000000	16.1823   	4.000000	15.8081   	4.000000	0.0113903 	
4.500000	14.3487   	4.500000	14.9636   	4.500000	15.3423   	4.500000	15.3423   	4.500000	14.9533   	4.500000	0.010272  	
5.000000	13.5151   	5.000000	14.193    	5.000000	14.5853   	5.000000	14.5853   	5.000000	14.1836   	5.000000	0.00936331	
5.500000	12.7776   	5.500000	13.5139   	5.500000	13.9001   	5.500000	13.9001   	5.500000	13.5053   	5.500000	0.00860958	
6.000000	12.1206   	6.000000	12.8998   	6.000000	13.2772   	6.000000	13.2772   	6.000000	12.8918   	6.000000	0.00797369	
6.500000	11.5319   	6.500000	12.3411   	6.500000	12.7086   	6.500000	12.7086   	6.500000	12.3336   	6.500000	0.00742959	
7.000000	11.0014   	7.000000	11.8302   	7.000000	12.1876   	7.000000	12.1876   	7.000000	11.8233   	7.000000	0.00695846	
7.500000	10.5208   	7.500000	11.3608   	7.500000	11.7085   	7.500000	11.7085   	7.500000	11.3543   	7.500000	0.00654631	
8.000000	10.0833   	8.000000	10.928    	8.000000	11.2664   	8.000000	11.2664   	8.000000	10.9219   	8.000000	0.00618254	
8.500000	9.6834    	8.500000	10.5278   	8.500000	10.8572   	8.500000	10.8572   	8.500000	10.5219   	8.500000	0.00585898	
9.000000	9.31635   	9.000000	10.1565   	9.000000	10.4773   	9.000000	10.4773   	9.000000	10.1509   	9.000000	0.00556921	
9.500000	8.97823   	9.500000	9.81119   	9.500000	10.1237   	9.500000	10.1237   	9.500000	9.80588   	9.500000	0.0053081 	
10.000000	8.6657    	10.000000	9.77954   	10.000000	9.79368   	10.000000	9.79368   	10.000000	9.77447   	10.000000	0.00507155	
11.000000	8.10649   	11.000000	9.1993    	11.000000	9.1736    	11.000000	9.20887   	11.000000	9.19464   	11.000000	0.00465924	
12.000000	7.62046   	12.000000	8.68593   	12.000000	8.63028   	12.000000	8.69136   	12.000000	8.68162   	12.000000	0.00431176	
13.000000	7.19396   	13.000000	8.22872   	13.000000	8.15047   	13.000000	8.2305    	13.000000	8.2247    	13.000000	0.00401472	
14.000000	6.81652   	14.000000	7.81904   	14.000000	7.72378   	14.000000	7.81771   	14.000000	7.81529   	14.000000	0.00375773	
15.000000	6.48002   	15.000000	7.44994   	15.000000	7.34206   	15.000000	7.44603   	15.000000	7.4464    	15.000000	0.00353308	
16.000000	6.17804   	16.000000	7.1157    	16.000000	6.99879   	16.000000	7.1098    	16.000000	7.11237   	16.000000	0.00333496	
17.000000	5.90545   	17.000000	6.81166   	17.000000	6.68857   	17.000000	6.80434   	17.000000	6.8085    	17.000000	0.00315884	
18.000000	5.65809   	18.000000	6.5339    	18.000000	6.40684   	18.000000	6.52575   	18.000000	6.5309    	18.000000	0.00300121	
19.000000	5.43257   	19.000000	6.27918   	19.000000	6.14994   	19.000000	6.27078   	19.000000	6.27632   	19.000000	0.00285926	
20.000000	5.22606   	20.000000	6.04475   	20.000000	5.91489   	20.000000	6.03666   	20.000000	6.04202   	20.000000	0.00273072	
21.000000	5.03623   	21.000000	5.82829   	21.000000	5.69919   	21.000000	5.82107   	21.000000	5.82568   	21.000000	0.00261376	
22.000000	4.86109   	22.000000	5.62782   	22.000000	5.5007    	22.000000	5.62199   	22.000000	5.62531   	22.000000	0.00250685	
23.000000	4.69898   	23.000000	5.44162   	23.000000	5.31755   	23.000000	5.4377    	23.000000	5.43921   	23.000000	0.00240872	
24.000000	4.54847   	24.000000	5.26823   	24.000000	5.14813   	24.000000	5.26672   	24.000000	5.26591   	24.000000	0.00231834	
25.000000	4.40835   	25.000000	5.10637   	25.000000	4.99102   	25.000000	5.10775   	25.000000	5.10414   	25.000000	0.00223479	
27.000000	4.15515   	27.000000	4.81294   	27.000000	4.70908   	27.000000	4.82142   	27.000000	4.81085   	27.000000	0.00208528	
29.000000	3.93249   	29.000000	4.55396   	29.000000	4.46364   	29.000000	4.5712    	29.000000	4.55201   	29.000000	0.00195533	
31.000000	3.73507   	31.000000	4.32371   	31.000000	4.24638   	31.000000	4.34395   	31.000000	4.32187   	31.000000	0.00184128	
33.000000	3.55877   	33.000000	4.11765   	33.000000	4.05028   	33.000000	4.13463   	33.000000	4.11591   	33.000000	0.00174034	
35.000000	3.40031   	35.000000	3.93217   	35.000000	3.87306   	35.000000	3.94653   	35.000000	3.93051   	35.000000	0.00165035	
38.000000	3.19049   	38.000000	3.68623   	38.000000	3.63741   	38.000000	3.69757   	38.000000	3.6847    	38.000000	0.00153223	
41.000000	3.00815   	41.000000	3.47231   	41.000000	3.43194   	41.000000	3.48141   	41.000000	3.47088   	41.000000	0.00143054	
44.000000	2.84815   	44.000000	3.28454   	44.000000	3.25097   	44.000000	3.29192   	44.000000	3.28319   	44.000000	0.00134204	
47.000000	2.70655   	47.000000	3.11837   	47.000000	3.09079   	47.000000	3.12443   	47.000000	3.11711   	47.000000	0.00126427	
50.000000	2.58029   	50.000000	2.97029   	50.000000	2.94746   	50.000000	2.97529   	50.000000	2.96909   	50.000000	0.00119537	
55.000000	2.39765   	55.000000	2.75628   	55.000000	2.73971   	55.000000	2.75994   	55.000000	2.75518   	55.000000	0.00109645	
60.000000	2.24274   	60.000000	2.57508   	60.000000	2.56325   	60.000000	2.57774   	60.000000	2.57406   	60.000000	0.00101324	
65.000000	2.1096    	65.000000	2.41965   	65.000000	2.41158   	65.000000	2.42152   	65.000000	2.41871   	65.000000	0.000942222	
70.000000	1.99385   	70.000000	2.28484   	70.000000	2.27964   	70.000000	2.28606   	70.000000	2.28396   	70.000000	0.000880876	
75.000000	1.89224   	75.000000	2.16679   	75.000000	2.16405   	75.000000	2.16745   	75.000000	2.16596   	75.000000	0.000827325	
80.000000	1.80229   	80.000000	2.06253   	80.000000	2.06158   	80.000000	2.0627    	80.000000	2.06175   	80.000000	0.000780155	
85.000000	1.72205   	85.000000	1.96978   	85.000000	1.97006   	85.000000	1.9695    	85.000000	1.96904   	85.000000	0.000738276	
90.000000	1.65      	90.000000	1.88671   	90.000000	1.88828   	90.000000	1.88602   	90.000000	1.88601   	90.000000	0.000700833	
95.000000	1.58493   	95.000000	1.81188   	95.000000	1.81431   	95.000000	1.81082   	95.000000	1.81122   	95.000000	0.000667148	
100.000000	1.52584   	100.000000	1.74412   	100.000000	1.74707   	100.000000	1.7427    	100.000000	1.74348   	100.000000	0.000636676	
105.000000	1.47194   	105.000000	1.68245   	105.000000	1.68605   	105.000000	1.6807    	105.000000	1.68185   	105.000000	0.000608972	
110.000000	1.42255   	110.000000	1.6261    	110.000000	1.63011   	110.000000	1.62403   	110.000000	1.62552   	110.000000	0.00058367	
115.000000	1.37711   	115.000000	1.5744    	115.000000	1.5787    	115.000000	1.57203   	115.000000	1.57384   	115.000000	0.000560467	
120.000000	1.33516   	120.000000	1.52678   	120.000000	1.53135   	120.000000	1.52414   	120.000000	1.52624   	120.000000	0.00053911	
125.000000	1.29631   	125.000000	1.48279   	125.000000	1.48759   	125.000000	1.47988   	125.000000	1.48227   	125.000000	0.000519382	
130.000000	1.26021   	130.000000	1.44203   	130.000000	1.44701   	130.000000	1.43887   	130.000000	1.44152   	130.000000	0.000501103	
135.000000	1.22658   	135.000000	1.40414   	135.000000	1.40915   	135.000000	1.40074   	135.000000	1.40365   	135.000000	0.000484116	
140.000000	1.19516   	140.000000	1.36883   	140.000000	1.37394   	140.000000	1.36522   	140.000000	1.36836   	140.000000	0.000468288	
145.000000	1.16574   	145.000000	1.33585   	145.000000	1.34107   	145.000000	1.33203   	145.000000	1.3354    	145.000000	0.000453501	
150.000000	1.13812   	150.000000	1.30497   	150.000000	1.31019   	150.000000	1.30095   	150.000000	1.30453   	150.000000	0.000439656	
155.000000	1.09917   	155.000000	1.276     	155.000000	1.28119   	155.000000	1.2718    	155.000000	1.27557   	155.000000	0.000426663	
160.000000	1.07637   	160.000000	1.24876   	160.000000	1.25395   	160.000000	1.24439   	160.000000	1.24835   	160.000000	0.000414446	
165.000000	1.05486   	165.000000	1.22311   	165.000000	1.22828   	165.000000	1.21857   	165.000000	1.22271   	165.000000	0.000402936	
170.000000	1.03453   	170.000000	1.19891   	170.000000	1.20405   	170.000000	1.19422   	170.000000	1.19852   	170.000000	0.000392073	
175.000000	1.0153    	175.000000	1.17603   	175.000000	1.18115   	175.000000	1.1712    	175.000000	1.17565   	175.000000	0.000381803	
180.000000	0.997063  	180.000000	1.15438   	180.000000	1.15947   	180.000000	1.14941   	180.000000	1.15401   	180.000000	0.000372077	
185.000000	0.979753  	185.000000	1.13386   	185.000000	1.13893   	185.000000	1.12876   	185.000000	1.13349   	185.000000	0.000362854	
190.000000	0.963297  	190.000000	1.11437   	190.000000	1.11943   	190.000000	1.10916   	190.000000	1.11402   	190.000000	0.000354095	
195.000000	0.947634  	195.000000	1.09585   	195.000000	1.10085   	195.000000	1.09053   	195.000000	1.0955    	195.000000	0.000345765	
200.000000	0.932707  	200.000000	1.07822   	200.000000	1.08312   	200.000000	1.07281   	200.000000	1.07788   	200.000000	0.000337833	
210.000000	0.904862  	210.000000	1.0454    	210.000000	1.05024   	210.000000	1.03981   	210.000000	1.04508   	210.000000	0.000323052	
220.000000	0.879403  	220.000000	1.01547   	220.000000	1.02019   	220.000000	1.00973   	220.000000	1.01516   	220.000000	0.000309558	
230.000000	0.856036  	230.000000	0.988069  	230.000000	0.992684  	230.000000	0.982195  	230.000000	0.987772  	230.000000	0.000297186	
240.000000	0.834511  	240.000000	0.962886  	240.000000	0.967449  	240.000000	0.956905  	240.000000	0.9626    	240.000000	0.0002858 	
250.000000	0.814618  	250.000000	0.939664  	250.000000	0.944146  	250.000000	0.933597  	250.000000	0.939389  	250.000000	0.000275287	
260.000000	0.796177  	260.000000	0.918186  	260.000000	0.922577  	260.000000	0.91205   	260.000000	0.91792   	260.000000	0.000265548	
270.000000	0.779035  	270.000000	0.898263  	270.000000	0.902584  	270.000000	0.892075  	270.000000	0.898006  	270.000000	0.000256499	
280.000000	0.763059  	280.000000	0.879734  	280.000000	0.883996  	280.000000	0.873508  	280.000000	0.879486  	280.000000	0.000248069	
290.000000	0.748135  	290.000000	0.86246   	290.000000	0.866675  	290.000000	0.856209  	290.000000	0.86222   	290.000000	0.000240195	
300.000000	0.734162  	300.000000	0.846318  	300.000000	0.850497  	300.000000	0.840054  	300.000000	0.846085  	300.000000	0.000232824	
310.000000	0.721053  	310.000000	0.831203  	310.000000	0.835356  	310.000000	0.824936  	310.000000	0.830977  	310.000000	0.000225909	
320.000000	0.708731  	320.000000	0.817022  	320.000000	0.821157  	320.000000	0.810761  	320.000000	0.816802  	320.000000	0.000219407	
330.000000	0.697127  	330.000000	0.803691  	330.000000	0.807818  	330.000000	0.797445  	330.000000	0.803478  	330.000000	0.000213283	
340.000000	0.686182  	340.000000	0.791138  	340.000000	0.795263  	340.000000	0.784915  	340.000000	0.790931  	340.000000	0.000207504	
350.000000	0.675841  	350.000000	0.7793    	350.000000	0.783426  	350.000000	0.773105  	350.000000	0.779097  	350.000000	0.000202041	
360.000000	0.666057  	360.000000	0.768116  	360.000000	0.772263  	360.000000	0.761959  	360.000000	0.76792   	360.000000	0.000196869	
370.000000	0.656787  	370.000000	0.757538  	370.000000	0.761646  	370.000000	0.751365  	370.000000	0.757346  	370.000000	0.000191965	
380.000000	0.647993  	380.000000	0.747517  	380.000000	0.751556  	380.000000	0.741336  	380.000000	0.747329  	380.000000	0.000187308	
390.000000	0.639639  	390.000000	0.738012  	390.000000	0.74198   	390.000000	0.73183   	390.000000	0.737829  	390.000000	0.00018288	
400.000000	0.631694  	400.000000	0.728986  	400.000000	0.732925  	400.000000	0.722808  	400.000000	0.728807  	400.000000	0.000178664	
410.000000	0.624129  	410.000000	0.720405  	410.000000	0.724339  	410.000000	0.714237  	410.000000	0.72023   	410.000000	0.000174645	
420.000000	0.61692   	420.000000	0.712237  	420.000000	0.716165  	420.000000	0.706084  	420.000000	0.712067  	420.000000	0.000170809	
430.000000	0.610042  	430.000000	0.704456  	430.000000	0.708381  	430.000000	0.698322  	430.000000	0.704289  	430.000000	0.000167145	
440.000000	0.603474  	440.000000	0.697035  	440.000000	0.700968  	440.000000	0.690924  	440.000000	0.696871  	440.000000	0.00016364	
450.000000	0.597196  	450.000000	0.68995   	450.000000	0.693889  	450.000000	0.683866  	450.000000	0.68979   	450.000000	0.000160285	
460.000000	0.59119   	460.000000	0.683182  	460.000000	0.687104  	460.000000	0.677127  	460.000000	0.683024  	460.000000	0.000157069	
470.000000	0.58544   	470.000000	0.676709  	470.000000	0.680607  	470.000000	0.670687  	470.000000	0.676555  	470.000000	0.000153984	
480.000000	0.579931  	480.000000	0.670514  	480.000000	0.674409  	480.000000	0.664527  	480.000000	0.670363  	480.000000	0.000151023	
490.000000	0.574648  	490.000000	0.664581  	490.000000	0.668498  	490.000000	0.658631  	490.000000	0.664433  	490.000000	0.000148178	
500.000000	0.56958   	500.000000	0.658894  	500.000000	0.662832  	500.000000	0.652982  	500.000000	0.658749  	500.000000	0.000145441	
520.000000	0.560036  	520.000000	0.648204  	520.000000	0.652135  	520.000000	0.642374  	520.000000	0.648064  	520.000000	0.000140272	
540.000000	0.551216  	540.000000	0.638343  	540.000000	0.642307  	540.000000	0.632599  	540.000000	0.638207  	540.000000	0.00013547	
560.000000	0.543045  	560.000000	0.629224  	560.000000	0.633242  	560.000000	0.623569  	560.000000	0.629093  	560.000000	0.000130997	
580.000000	0.535459  	580.000000	0.620774  	580.000000	0.624802  	580.000000	0.615208  	580.000000	0.620647  	580.000000	0.00012682	
600.000000	0.528403  	600.000000	0.612926  	600.000000	0.617001  	600.000000	0.60745   	600.000000	0.612804  	600.000000	0.00012291	
620.000000	0.521829  	620.000000	0.605625  	620.000000	0.609764  	620.000000	0.600238  	620.000000	0.605506  	620.000000	0.000119243	
640.000000	0.515693  	640.000000	0.59882   	640.000000	0.602984  	640.000000	0.59352   	640.000000	0.598704  	640.000000	0.000115796	
660.000000	0.509959  	660.000000	0.592467  	660.000000	0.596659  	660.000000	0.587251  	660.000000	0.592354  	660.000000	0.000112549	
680.000000	0.504591  	680.000000	0.586527  	680.000000	0.590778  	680.000000	0.581392  	680.000000	0.586418  	680.000000	0.000109486	
700.000000	0.499561  	700.000000	0.580966  	700.000000	0.58527   	700.000000	0.575908  	700.000000	0.58086   	700.000000	0.000106591	
720.000000	0.494841  	720.000000	0.575753  	720.000000	0.580084  	720.000000	0.570768  	720.000000	0.57565   	720.000000	0.00010385	
740.000000	0.490409  	740.000000	0.570861  	740.000000	0.575203  	740.000000	0.565944  	740.000000	0.57076   	740.000000	0.000101251	
760.000000	0.486243  	760.000000	0.566265  	760.000000	0.570617  	760.000000	0.56141   	760.000000	0.566166  	760.000000	9.87842e-05	
780.000000	0.482322  	780.000000	0.561942  	780.000000	0.566312  	780.000000	0.557144  	780.000000	0.561845  	780.000000	9.64386e-05	
800.000000	0.47863   	800.000000	0.557873  	800.000000	0.562272  	800.000000	0.553127  	800.000000	0.557778  	800.000000	9.42056e-05	
820.000000	0.475152  	820.000000	0.554039  	820.000000	0.558469  	820.000000	0.549338  	820.000000	0.553947  	820.000000	9.20773e-05	
840.000000	0.471872  	840.000000	0.550424  	840.000000	0.554875  	840.000000	0.545763  	840.000000	0.550334  	840.000000	9.00463e-05	
860.000000	0.468777  	860.000000	0.547013  	860.000000	0.551466  	860.000000	0.542385  	860.000000	0.546925  	860.000000	8.81062e-05	
880.000000	0.465857  	880.000000	0.543793  	880.000000	0.548235  	880.000000	0.539192  	880.000000	0.543707  	880.000000	8.62507e-05	
900.000000	0.463098  	900.000000	0.540751  	900.000000	0.545174  	900.000000	0.53617   	900.000000	0.540667  	900.000000	8.44745e-05	
920.000000	0.460493  	920.000000	0.537876  	920.000000	0.542276  	920.000000	0.533308  	920.000000	0.537793  	920.000000	8.27724e-05	
940.000000	0.458031  	940.000000	0.535157  	940.000000	0.539534  	940.000000	0.530596  	940.000000	0.535076  	940.000000	8.114e-05 	
960.000000	0.455704  	960.000000	0.532585  	960.000000	0.53694   	960.000000	0.528024  	960.000000	0.532505  	960.000000	7.9573e-05	
980.000000	0.453505  	980.000000	0.530151  	980.000000	0.534486  	980.000000	0.525584  	980.000000	0.530073  	980.000000	7.80674e-05	
1000.000000	0.451425  	1000.000000	0.527847  	1000.000000	0.532159  	1000.000000	0.523266  	1000.000000	0.52777   	1000.000000	7.66197e-05	
1020.000000	0.44946   	1020.000000	0.525665  	1020.000000	0.529946  	1020.000000	0.521064  	1020.000000	0.52559   	1020.000000	7.52265e-05	
1040.000000	0.447601  	1040.000000	0.523599  	1040.000000	0.527836  	1040.000000	0.518971  	1040.000000	0.523525  	1040.000000	7.38849e-05	
1060.000000	0.445844  	1060.000000	0.521641  	1060.000000	0.525824  	1060.000000	0.51698   	1060.000000	0.521569  	1060.000000	7.25919e-05	
1080.000000	0.444183  	1080.000000	0.519787  	1080.000000	0.523905  	1080.000000	0.515086  	1080.000000	0.519716  	1080.000000	7.1345e-05	
1100.000000	0.442614  	1100.000000	0.518031  	1100.000000	0.522076  	1100.000000	0.513282  	1100.000000	0.517961  	1100.000000	7.01416e-05	
1120.000000	0.441132  	1120.000000	0.516367  	1120.000000	0.520333  	1120.000000	0.511564  	1120.000000	0.516298  	1120.000000	6.89796e-05	
1140.000000	0.439732  	1140.000000	0.514791  	1140.000000	0.518672  	1140.000000	0.509928  	1140.000000	0.514723  	1140.000000	6.78568e-05	
1160.000000	0.43841   	1160.000000	0.513298  	1160.000000	0.517091  	1160.000000	0.508368  	1160.000000	0.513232  	1160.000000	6.67712e-05	
1180.000000	0.437164  	1180.000000	0.511885  	1180.000000	0.515585  	1180.000000	0.50688   	1180.000000	0.511819  	1180.000000	6.57209e-05	
1200.000000	0.435988  	1200.000000	0.510546  	1200.000000	0.514151  	1200.000000	0.505462  	1200.000000	0.510481  	1200.000000	6.47044e-05	
1220.000000	0.434881  	1220.000000	0.509279  	1220.000000	0.512787  	1220.000000	0.504108  	1220.000000	0.509216  	1220.000000	6.37198e-05	
1240.000000	0.433839  	1240.000000	0.508081  	1240.000000	0.511488  	1240.000000	0.502816  	1240.000000	0.508018  	1240.000000	6.27659e-05	
1260.000000	0.432859  	1260.000000	0.506947  	1260.000000	0.510249  	1260.000000	0.501583  	1260.000000	0.506885  	1260.000000	6.1841e-05	
1280.000000	0.431938  	1280.000000	0.505876  	1280.000000	0.509065  	1280.000000	0.500406  	1280.000000	0.505815  	1280.000000	6.0944e-05	
1300.000000	0.431074  	1300.000000	0.504863  	1300.000000	0.507934  	1300.000000	0.499282  	1300.000000	0.504803  	1300.000000	6.00734e-05	
1320.000000	0.430264  	1320.000000	0.503908  	1320.000000	0.50685   	1320.000000	0.498208  	1320.000000	0.503848  	1320.000000	5.92283e-05	
1340.000000	0.429507  	1340.000000	0.503006  	1340.000000	0.505812  	1340.000000	0.497182  	1340.000000	0.502948  	1340.000000	5.84074e-05	
1360.000000	0.428799  	1360.000000	0.502156  	1360.000000	0.504818  	1360.000000	0.496202  	1360.000000	0.502099  	1360.000000	5.76098e-05	
1380.000000	0.42814   	1380.000000	0.501356  	1380.000000	0.503867  	1380.000000	0.495265  	1380.000000	0.501299  	1380.000000	5.68343e-05	
1400.000000	0.427526  	1400.000000	0.500603  	1400.000000	0.502957  	1400.000000	0.49437   	1400.000000	0.500547  	1400.000000	5.60802e-05	
1420.000000	0.426957  	1420.000000	0.499895  	1420.000000	0.502086  	1420.000000	0.493514  	1420.000000	0.49984   	1420.000000	5.53466e-05	
1440.000000	0.42643   	1440.000000	0.499231  	1440.000000	0.501254  	1440.000000	0.492696  	1440.000000	0.499177  	1440.000000	5.46325e-05	
1460.000000	0.425945  	1460.000000	0.498609  	1460.000000	0.500459  	1460.000000	0.491914  	1460.000000	0.498555  	1460.000000	5.39372e-05	
1480.000000	0.425498  	1480.000000	0.498027  	1480.000000	0.499699  	1480.000000	0.491167  	1480.000000	0.497974  	1480.000000	5.32601e-05	
1500.000000	0.42509   	1500.000000	0.497484  	1500.000000	0.498973  	1500.000000	0.490453  	1500.000000	0.497431  	1500.000000	5.26003e-05	
1520.000000	0.424718  	1520.000000	0.496978  	1520.000000	0.498278  	1520.000000	0.48977   	1520.000000	0.496926  	1520.000000	5.19572e-05	
1540.000000	0.424382  	1540.000000	0.496507  	1540.000000	0.497615  	1540.000000	0.489117  	1540.000000	0.496456  	1540.000000	5.13302e-05	
1560.000000	0.42408   	1560.000000	0.496071  	1560.000000	0.496981  	1560.000000	0.488493  	1560.000000	0.49602   	1560.000000	5.07186e-05	
1580.000000	0.42381   	1580.000000	0.495667  	1580.000000	0.496375  	1580.000000	0.487897  	1580.000000	0.495617  	1580.000000	5.0122e-05	
1600.000000	0.423572  	1600.000000	0.495296  	1600.000000	0.495795  	1600.000000	0.487328  	1600.000000	0.495246  	1600.000000	4.95397e-05	
1620.000000	0.423365  	1620.000000	0.494955  	1620.000000	0.495241  	1620.000000	0.486784  	1620.000000	0.494906  	1620.000000	4.89712e-05	
1640.000000	0.423187  	1640.000000	0.494643  	1640.000000	0.494712  	1640.000000	0.486264  	1640.000000	0.494595  	1640.000000	4.84161e-05	
1660.000000	0.423038  	1660.000000	0.49436   	1660.000000	0.494207  	1660.000000	0.485767  	1660.000000	0.494312  	1660.000000	4.78738e-05	
1680.000000	0.422917  	1680.000000	0.494105  	1680.000000	0.493723  	1680.000000	0.485293  	1680.000000	0.494057  	1680.000000	4.7344e-05	
1700.000000	0.422823  	1700.000000	0.493876  	1700.000000	0.493262  	1700.000000	0.484841  	1700.000000	0.493829  	1700.000000	4.68262e-05	
1750.000000	0.422698  	1750.000000	0.493413  	1750.000000	0.492198  	1750.000000	0.483798  	1750.000000	0.493367  	1750.000000	4.55814e-05	
1800.000000	0.422723  	1800.000000	0.493097  	1800.000000	0.491252  	1800.000000	0.482873  	1800.000000	0.493053  	1800.000000	4.44033e-05	
1850.000000	0.422888  	1850.000000	0.492916  	1850.000000	0.490412  	1850.000000	0.482053  	1850.000000	0.492873  	1850.000000	4.32865e-05	
1900.000000	0.423181  	1900.000000	0.492859  	1900.000000	0.489671  	1900.000000	0.48133   	1900.000000	0.492817  	1900.000000	4.22264e-05	
1950.000000	0.423595  	1950.000000	0.492918  	1950.000000	0.489018  	1950.000000	0.480695  	1950.000000	0.492876  	1950.000000	4.12186e-05	
2000.000000	0.42412   	2000.000000	0.493082  	2000.000000	0.488448  	2000.000000	0.48014   	2000.000000	0.493042  	2000.000000	4.02593e-05	
2100.000000	0.425478  	2100.000000	0.4937    	2100.000000	0.487526  	2100.000000	0.479242  	2100.000000	0.493661  	2100.000000	3.84729e-05	
2200.000000	0.427205  	2200.000000	0.494659  	2200.000000	0.486855  	2200.000000	0.47859   	2200.000000	0.494622  	2200.000000	3.68431e-05	
2300.000000	0.429257  	2300.000000	0.495914  	2300.000000	0.486393  	2300.000000	0.478144  	2300.000000	0.495879  	2300.000000	3.53499e-05	
2400.000000	0.4316    	2400.000000	0.497429  	2400.000000	0.486105  	2400.000000	0.477873  	2400.000000	0.497395  	2400.000000	3.39767e-05	
2500.000000	0.434202  	2500.000000	0.499172  	2500.000000	0.485964  	2500.000000	0.47775   	2500.000000	0.499139  	2500.000000	3.27095e-05	
2600.000000	0.43704   	2600.000000	0.501117  	2600.000000	0.48595   	2600.000000	0.477752  	2600.000000	0.501085  	2600.000000	3.15363e-05	
2700.000000	0.44009   	2700.000000	0.503241  	2700.000000	0.486044  	2700.000000	0.477863  	2700.000000	0.50321   	2700.000000	3.04469e-05	
2800.000000	0.443333  	2800.000000	0.505524  	2800.000000	0.486231  	2800.000000	0.478065  	2800.000000	0.505495  	2800.000000	2.94326e-05	
2900.000000	0.446754  	2900.000000	0.507951  	2900.000000	0.486497  	2900.000000	0.478347  	2900.000000	0.507922  	2900.000000	2.84858e-05	
3000.000000	0.450337  	3000.000000	0.510505  	3000.000000	0.486833  	3000.000000	0.478696  	3000.000000	0.510478  	3000.000000	2.75998e-05	
3200.000000	0.457943  	3200.000000	0.51595   	3200.000000	0.487675  	3200.000000	0.479561  	3200.000000	0.515924  	3200.000000	2.59883e-05	
3400.000000	0.466069  	3400.000000	0.521776  	3400.000000	0.488694  	3400.000000	0.480599  	3400.000000	0.521751  	3400.000000	2.45598e-05	
3600.000000	0.474648  	3600.000000	0.527916  	3600.000000	0.489844  	3600.000000	0.481764  	3600.000000	0.527893  	3600.000000	2.32847e-05	
3800.000000	0.483628  	3800.000000	0.53432   	3800.000000	0.491091  	3800.000000	0.483023  	3800.000000	0.534298  	3800.000000	2.21392e-05	
4000.000000	0.492967  	4000.000000	0.540945  	4000.000000	0.492407  	4000.000000	0.48435   	4000.000000	0.540924  	4000.000000	2.11044e-05	
4200.000000	0.502631  	4200.000000	0.54776   	4200.000000	0.493771  	4200.000000	0.485723  	4200.000000	0.547739  	4200.000000	2.01648e-05	
4400.000000	0.512591  	4400.000000	0.554735  	4400.000000	0.495167  	4400.000000	0.487129  	4400.000000	0.554716  	4400.000000	1.93077e-05	
4600.000000	0.522825  	4600.000000	0.561849  	4600.000000	0.496583  	4600.000000	0.488555  	4600.000000	0.561831  	4600.000000	1.85226e-05	
4800.000000	0.533311  	4800.000000	0.569083  	4800.000000	0.49801   	4800.000000	0.489992  	4800.000000	0.569066  	4800.000000	1.78007e-05	
5000.000000	0.544034  	5000.000000	0.576422  	5000.000000	0.49944   	5000.000000	0.491432  	5000.000000	0.576405  	5000.000000	1.71346e-05	
5250.000000	0.557749  	5250.000000	0.585721  	5250.000000	0.501224  	5250.000000	0.49323   	5250.000000	0.585705  	5250.000000	1.63709e-05	
5500.000000	0.571787  	5500.000000	0.595142  	5500.000000	0.502997  	5500.000000	0.495016  	5500.000000	0.595126  	5500.000000	1.56743e-05	
6000.000000	0.600762  	6000.000000	0.614276  	6000.000000	0.506488  	6000.000000	0.498531  	6000.000000	0.614261  	6000.000000	1.44497e-05	
6500.000000	0.630838  	6500.000000	0.633715  	6500.000000	0.509884  	6500.000000	0.501948  	6500.000000	0.633701  	6500.000000	1.34075e-05	
7000.000000	0.661927  	7000.000000	0.653381  	7000.000000	0.513151  	7000.000000	0.505251  	7000.000000	0.653368  	7000.000000	1.25093e-05	
7500.000000	0.693965  	7500.000000	0.673219  	7500.000000	0.516322  	7500.000000	0.508435  	7500.000000	0.673207  	7500.000000	1.17271e-05	
8000.000000	0.726903  	8000.000000	0.693186  	8000.000000	0.519377  	8000.000000	0.511498  	8000.000000	0.693175  	8000.000000	1.10396e-05	
8500.000000	0.760704  	8500.000000	0.713252  	8500.000000	0.522311  	8500.000000	0.514444  	8500.000000	0.713242  	8500.000000	1.04303e-05	
9000.000000	0.795338  	9000.000000	0.733394  	9000.000000	0.525126  	9000.000000	0.517276  	9000.000000	0.733384  	9000.000000	9.88657e-06	
9500.000000	0.830783  	9500.000000	0.753591  	9500.000000	0.527833  	9500.000000	0.52      	9500.000000	0.753582  	9500.000000	9.39823e-06	
10000.000000	0.867021  	10000.000000	0.773831  	10000.000000	0.530438  	10000.000000	0.522622  	10000.000000	0.773822  	10000.000000	8.95717e-06	
11000.000000	0.941816  	11000.000000	0.814394  	11000.000000	0.535359  	11000.000000	0.527579  	11000.000000	0.814386  	11000.000000	8.19162e-06	
12000.000000	1.01964   	12000.000000	0.855016  	12000.000000	0.539927  	12000.000000	0.53219   	12000.000000	0.855008  	12000.000000	7.54978e-06	
13000.000000	1.10043   	13000.000000	0.895654  	13000.000000	0.544185  	13000.000000	0.536494  	13000.000000	0.895647  	13000.000000	7.00366e-06	
14000.000000	1.18414   	14000.000000	0.93628   	14000.000000	0.548173  	14000.000000	0.540525  	14000.000000	0.936274  	14000.000000	6.53317e-06	
15000.000000	1.27076   	15000.000000	0.976875  	15000.000000	0.551918  	15000.000000	0.544312  	15000.000000	0.976869  	15000.000000	6.1235e-06	
16000.000000	1.36027   	16000.000000	1.01743   	16000.000000	0.555441  	16000.000000	0.54788   	16000.000000	1.01742   	16000.000000	5.76347e-06	
17000.000000	1.45265   	17000.000000	1.05792   	17000.000000	0.558764  	17000.000000	0.551253  	17000.000000	1.05792   	17000.000000	5.4445e-06	
18000.000000	1.54791   	18000.000000	1.09836   	18000.000000	0.561906  	18000.000000	0.554448  	18000.000000	1.09836   	18000.000000	5.15989e-06	
19000.000000	1.64603   	19000.000000	1.13874   	19000.000000	0.564886  	19000.000000	0.557484  	19000.000000	1.13874   	19000.000000	4.90433e-06	
20000.000000	1.74702   	20000.000000	1.17906   	20000.000000	0.56772   	20000.000000	0.560373  	20000.000000	1.17905   	20000.000000	4.67354e-06	
21000.000000	1.85089   	21000.000000	1.2193    	21000.000000	0.570419  	21000.000000	0.56313   	21000.000000	1.2193    	21000.000000	4.46405e-06	
22000.000000	1.95764   	22000.000000	1.25949   	22000.000000	0.572992  	22000.000000	0.565764  	22000.000000	1.25948   	22000.000000	4.27304e-06	
23000.000000	2.06728   	23000.000000	1.2996    	23000.000000	0.575451  	23000.000000	0.568287  	23000.000000	1.2996    	23000.000000	4.09812e-06	
24000.000000	2.17982   	24000.000000	1.33965   	24000.000000	0.577804  	24000.000000	0.570707  	24000.000000	1.33965   	24000.000000	3.93734e-06	
25000.000000	2.29526   	25000.000000	1.37964   	25000.000000	0.580056  	25000.000000	0.573031  	25000.000000	1.37964   	25000.000000	3.78904e-06	
26000.000000	2.41363   	26000.000000	1.41956   	26000.000000	0.582218  	26000.000000	0.575267  	26000.000000	1.41956   	26000.000000	3.65179e-06	
27000.000000	2.53492   	27000.000000	1.45943   	27000.000000	0.5843    	27000.000000	0.577421  	27000.000000	1.45942   	27000.000000	3.5244e-06	
28000.000000	2.65916   	28000.000000	1.49922   	28000.000000	0.586304  	28000.000000	0.579499  	28000.000000	1.49922   	28000.000000	3.40583e-06	
29000.000000	2.78634   	29000.000000	1.53896   	29000.000000	0.588237  	29000.000000	0.581505  	29000.000000	1.53896   	29000.000000	3.2952e-06	
30000.000000	2.9165    	30000.000000	1.57864   	30000.000000	0.590101  	30000.000000	0.583445  	30000.000000	1.57864   	30000.000000	3.19172e-06	
32000.000000	3.18577   	32000.000000	1.65783   	32000.000000	0.593636  	32000.000000	0.58714   	32000.000000	1.65783   	32000.000000	3.00358e-06	
34000.000000	3.46708   	34000.000000	1.7368    	34000.000000	0.596937  	34000.000000	0.590614  	34000.000000	1.7368    	34000.000000	2.83693e-06	
36000.000000	3.76054   	36000.000000	1.81555   	36000.000000	0.600023  	36000.000000	0.593891  	36000.000000	1.81555   	36000.000000	2.68825e-06	
38000.000000	4.06628   	38000.000000	1.89411   	38000.000000	0.602919  	38000.000000	0.596992  	38000.000000	1.8941    	38000.000000	2.55477e-06	
40000.000000	4.38442   	40000.000000	1.97246   	40000.000000	0.605647  	40000.000000	0.599935  	40000.000000	1.97246   	40000.000000	2.43424e-06	
42000.000000	4.71509   	42000.000000	2.05064   	42000.000000	0.60823   	42000.000000	0.602734  	42000.000000	2.05063   	42000.000000	2.32486e-06	
44000.000000	5.05842   	44000.000000	2.12863   	44000.000000	0.610685  	44000.000000	0.605403  	44000.000000	2.12863   	44000.000000	2.22513e-06	
46000.000000	5.41454   	46000.000000	2.20646   	46000.000000	0.613028  	46000.000000	0.607954  	46000.000000	2.20645   	46000.000000	2.13382e-06	
48000.000000	5.78358   	48000.000000	2.28412   	48000.000000	0.615264  	48000.000000	0.610395  	48000.000000	2.28411   	48000.000000	2.0499e-06	
50000.000000	6.16569   	50000.000000	2.36162   	50000.000000	0.617387  	50000.000000	0.612737  	50000.000000	2.36162   	50000.000000	1.9725e-06	
