Energy (MeV/u)1	0 - [He-base] F.Hubert et al, AD&ND Tables 46(1990)1	Energy (MeV/u)2	1 - [H -base] J.F.Ziegler et al, Pergamon Press, NY (low energy)	Energy (MeV/u)3	2 - ATIMA 1.2  LS-theory (recommended for high energy)	Energy (MeV/u)4	3 - ATIMA 1.2  without LS-correction	Energy (MeV/u)5	4 - electrical component of [1] - J.F.Ziegler et al	Energy (MeV/u)6	5 - nuclear component of [1] - J.F.Ziegler et al	
0.001000	4.54861   	0.001000	5.88347   	0.001000	6.00161   	0.001000	6.00161   	0.001000	1.9504    	0.001000	3.93307   	
0.002000	4.59517   	0.002000	5.87217   	0.002000	6.07106   	0.002000	6.07106   	0.002000	2.52935   	0.002000	3.34281   	
0.005000	4.84581   	0.005000	5.90242   	0.005000	6.28445   	0.005000	6.28445   	0.005000	3.56646   	0.005000	2.33596   	
0.008000	5.16755   	0.008000	6.09216   	0.008000	6.61936   	0.008000	6.61936   	0.008000	4.25385   	0.008000	1.83831   	
0.010000	5.38155   	0.010000	6.24747   	0.010000	6.86018   	0.010000	6.86018   	0.010000	4.62513   	0.010000	1.62235   	
0.015000	6.10675   	0.015000	6.7628    	0.015000	7.48685   	0.015000	7.48685   	0.015000	5.49077   	0.015000	1.27203   	
0.020000	6.76898   	0.020000	7.3668    	0.020000	8.2672    	0.020000	8.2672    	0.020000	6.30836   	0.020000	1.05843   	
0.025000	7.54821   	0.025000	8.12908   	0.025000	9.09691   	0.025000	9.09691   	0.025000	7.21647   	0.025000	0.912601  	
0.030000	8.24802   	0.030000	8.89836   	0.030000	10.02     	0.030000	10.02     	0.030000	8.09256   	0.030000	0.805799  	
0.035000	8.8653    	0.035000	9.65826   	0.035000	10.9359   	0.035000	10.9359   	0.035000	8.93835   	0.035000	0.719909  	
0.040000	9.40791   	0.040000	10.4222   	0.040000	11.8432   	0.040000	11.8432   	0.040000	9.7671    	0.040000	0.655078  	
0.045000	9.85818   	0.045000	11.1822   	0.045000	12.7287   	0.045000	12.7287   	0.045000	10.5826   	0.045000	0.599589  	
0.050000	10.2091   	0.050000	11.9214   	0.050000	13.5932   	0.050000	13.5932   	0.050000	11.3658   	0.050000	0.555557  	
0.055000	10.7845   	0.055000	12.7325   	0.055000	14.4307   	0.055000	14.4307   	0.055000	12.2143   	0.055000	0.51815   	
0.060000	11.3014   	0.060000	13.5255   	0.060000	15.239    	0.060000	15.239    	0.060000	13.0395   	0.060000	0.485931  	
0.070000	12.1666   	0.070000	15.0474   	0.070000	16.7621   	0.070000	16.7621   	0.070000	14.6142   	0.070000	0.433157  	
0.080000	13.0878   	0.080000	16.4555   	0.080000	18.1558   	0.080000	18.1558   	0.080000	16.0638   	0.080000	0.391628  	
0.090000	13.8652   	0.090000	17.7555   	0.090000	19.4197   	0.090000	19.4197   	0.090000	17.3975   	0.090000	0.358005  	
0.100000	14.5124   	0.100000	18.9279   	0.100000	20.5572   	0.100000	20.5572   	0.100000	18.5978   	0.100000	0.330168  	
0.120000	15.185    	0.120000	20.94     	0.120000	22.4794   	0.120000	22.4794   	0.120000	20.6533   	0.120000	0.286624  	
0.140000	15.6901   	0.140000	22.5653   	0.140000	23.988    	0.140000	23.988    	0.140000	22.3113   	0.140000	0.254     	
0.160000	16.1362   	0.160000	23.8575   	0.160000	25.1551   	0.160000	25.1551   	0.160000	23.6289   	0.160000	0.228557  	
0.180000	16.574    	0.180000	24.8754   	0.180000	26.0487   	0.180000	26.0487   	0.180000	24.6673   	0.180000	0.208108  	
0.200000	17.1183   	0.200000	25.7963   	0.200000	26.7277   	0.200000	26.7277   	0.200000	25.605    	0.200000	0.191279  	
0.250000	18.1727   	0.250000	27.6867   	0.250000	27.7813   	0.250000	27.7813   	0.250000	27.527    	0.250000	0.159769  	
0.300000	19.0586   	0.300000	28.7385   	0.300000	28.2918   	0.300000	28.2918   	0.300000	28.6008   	0.300000	0.137735  	
0.350000	19.8001   	0.350000	29.3531   	0.350000	28.5327   	0.350000	28.5327   	0.350000	29.2318   	0.350000	0.121387  	
0.400000	20.8257   	0.400000	30.3686   	0.400000	28.8854   	0.400000	28.8854   	0.400000	30.2599   	0.400000	0.108737  	
0.450000	21.6559   	0.450000	31.1543   	0.450000	29.6674   	0.450000	29.6674   	0.450000	31.0557   	0.450000	0.0986332 	
0.500000	22.3205   	0.500000	31.7827   	0.500000	30.2609   	0.500000	30.2609   	0.500000	31.6923   	0.500000	0.0903626 	
0.600000	22.4781   	0.600000	31.8993   	0.600000	31.0575   	0.600000	31.0575   	0.600000	31.8217   	0.600000	0.0775989 	
0.700000	21.8535   	0.700000	31.2401   	0.700000	30.9364   	0.700000	30.9364   	0.700000	31.172    	0.700000	0.0681778 	
0.800000	21.9001   	0.800000	30.5686   	0.800000	30.6982   	0.800000	30.6982   	0.800000	30.5077   	0.800000	0.0609171 	
0.900000	21.8356   	0.900000	29.8911   	0.900000	30.4034   	0.900000	30.4034   	0.900000	29.836    	0.900000	0.0551377 	
1.000000	21.6944   	1.000000	29.212    	1.000000	30.0694   	1.000000	30.0694   	1.000000	29.1616   	1.000000	0.0504203 	
1.250000	20.9784   	1.250000	28.1436   	1.250000	28.8101   	1.250000	28.8101   	1.250000	28.1019   	1.250000	0.0416855 	
1.500000	20.1447   	1.500000	27.0939   	1.500000	27.6449   	1.500000	27.6449   	1.500000	27.0582   	1.500000	0.0356566 	
1.750000	19.3187   	1.750000	26.1266   	1.750000	26.5784   	1.750000	26.5784   	1.750000	26.0954   	1.750000	0.0312285 	
2.000000	18.4685   	2.000000	25.1534   	2.000000	25.592    	2.000000	25.592    	2.000000	25.1255   	2.000000	0.0278296 	
2.250000	17.7324   	2.250000	24.1372   	2.250000	24.6752   	2.250000	24.6752   	2.250000	24.1121   	2.250000	0.0251331 	
2.500000	19.0766   	2.500000	23.2292   	2.500000	23.8209   	2.500000	23.8209   	2.500000	23.2063   	2.500000	0.0229383 	
3.000000	17.6349   	3.000000	21.6375   	3.000000	22.277    	3.000000	22.277    	3.000000	21.6179   	3.000000	0.0195746 	
3.500000	16.3837   	3.500000	20.274    	3.500000	20.9215   	3.500000	20.9215   	3.500000	20.2569   	3.500000	0.0171111 	
4.000000	15.2972   	4.000000	19.0788   	4.000000	19.7233   	4.000000	19.7233   	4.000000	19.0635   	4.000000	0.0152245 	
4.500000	14.3487   	4.500000	18.0172   	4.500000	18.6572   	4.500000	18.6572   	4.500000	18.0035   	4.500000	0.0137308 	
5.000000	13.5151   	5.000000	17.0645   	5.000000	17.7029   	5.000000	17.7029   	5.000000	17.052    	5.000000	0.0125169 	
5.500000	12.7776   	5.500000	16.2281   	5.500000	16.8437   	5.500000	16.8437   	5.500000	16.2166   	5.500000	0.01151   	
6.000000	12.1206   	6.000000	15.4732   	6.000000	16.0662   	6.000000	16.0662   	6.000000	15.4625   	6.000000	0.0106605 	
6.500000	11.5319   	6.500000	14.7876   	6.500000	15.359    	6.500000	15.359    	6.500000	14.7777   	6.500000	0.0099335 	
7.000000	11.0014   	7.000000	14.1618   	7.000000	14.7131   	7.000000	14.7131   	7.000000	14.1525   	7.000000	0.00930398	
7.500000	10.5208   	7.500000	13.5875   	7.500000	14.1208   	7.500000	14.1208   	7.500000	13.5787   	7.500000	0.00875324	
8.000000	10.0833   	8.000000	13.0586   	8.000000	13.5755   	8.000000	13.5755   	8.000000	13.0504   	8.000000	0.00826714	
8.500000	9.6834    	8.500000	12.5701   	8.500000	13.0718   	8.500000	13.0718   	8.500000	12.5623   	8.500000	0.00783475	
9.000000	9.31635   	9.000000	12.1174   	9.000000	12.6051   	9.000000	12.6051   	9.000000	12.11     	9.000000	0.00744748	
9.500000	8.97823   	9.500000	11.6968   	9.500000	12.1715   	9.500000	12.1715   	9.500000	11.6897   	9.500000	0.00709853	
10.000000	8.6657    	10.000000	11.4629   	10.000000	11.7674   	10.000000	11.7674   	10.000000	11.4561   	10.000000	0.00678237	
11.000000	8.10649   	11.000000	10.7941   	11.000000	11.0076   	11.000000	11.0472   	11.000000	10.7879   	11.000000	0.00623128	
12.000000	7.62046   	12.000000	10.2005   	12.000000	10.3434   	12.000000	10.4121   	12.000000	10.1947   	12.000000	0.00576681	
13.000000	7.19396   	13.000000	9.67048   	13.000000	9.75807   	13.000000	9.84804   	13.000000	9.66511   	13.000000	0.00536975	
14.000000	6.81652   	14.000000	9.19457   	14.000000	9.23838   	14.000000	9.34396   	14.000000	9.18955   	14.000000	0.0050262 	
15.000000	6.48002   	15.000000	8.76504   	15.000000	8.77409   	15.000000	8.89096   	15.000000	8.76031   	15.000000	0.00472589	
16.000000	6.17804   	16.000000	8.3755    	16.000000	8.35705   	16.000000	8.48184   	16.000000	8.37104   	16.000000	0.00446101	
17.000000	5.90545   	17.000000	8.02068   	17.000000	7.98055   	17.000000	8.11069   	17.000000	8.01646   	17.000000	0.00422555	
18.000000	5.65809   	18.000000	7.69618   	18.000000	7.63894   	18.000000	7.77261   	18.000000	7.69217   	18.000000	0.0040148 	
19.000000	5.43257   	19.000000	7.3983    	19.000000	7.32769   	19.000000	7.46352   	19.000000	7.39448   	19.000000	0.003825  	
20.000000	5.22606   	20.000000	7.12391   	20.000000	7.04311   	20.000000	7.17999   	20.000000	7.12026   	20.000000	0.00365313	
21.000000	5.03623   	21.000000	6.87036   	21.000000	6.7821    	21.000000	6.91911   	21.000000	6.86686   	21.000000	0.00349673	
22.000000	4.86109   	22.000000	6.63536   	22.000000	6.54205   	22.000000	6.67839   	22.000000	6.632     	22.000000	0.00335377	
23.000000	4.69898   	23.000000	6.41696   	23.000000	6.32065   	23.000000	6.45571   	23.000000	6.41373   	23.000000	0.00322257	
24.000000	4.54847   	24.000000	6.21346   	24.000000	6.11592   	24.000000	6.24924   	24.000000	6.21036   	24.000000	0.0031017 	
25.000000	4.40835   	25.000000	6.0234    	25.000000	5.92614   	25.000000	6.05736   	25.000000	6.02041   	25.000000	0.00298997	
27.000000	4.15515   	27.000000	5.67861   	27.000000	5.58572   	27.000000	5.712     	27.000000	5.67582   	27.000000	0.00279003	
29.000000	3.93249   	29.000000	5.37405   	29.000000	5.28952   	29.000000	5.41043   	29.000000	5.37143   	29.000000	0.00261624	
31.000000	3.73507   	31.000000	5.10308   	31.000000	5.02851   	31.000000	5.13819   	31.000000	5.10062   	31.000000	0.00246371	
33.000000	3.55877   	33.000000	4.86044   	33.000000	4.79409   	33.000000	4.8889    	33.000000	4.85812   	33.000000	0.00232872	
35.000000	3.40031   	35.000000	4.64191   	35.000000	4.58238   	35.000000	4.66496   	35.000000	4.6397    	35.000000	0.00220835	
38.000000	3.19049   	38.000000	4.352     	38.000000	4.30108   	38.000000	4.36871   	38.000000	4.34995   	38.000000	0.00205037	
41.000000	3.00815   	41.000000	4.09968   	41.000000	4.05599   	41.000000	4.1116    	41.000000	4.09776   	41.000000	0.00191435	
44.000000	2.84815   	44.000000	3.87808   	44.000000	3.84029   	44.000000	3.88632   	44.000000	3.87628   	44.000000	0.00179595	
47.000000	2.70655   	47.000000	3.6819    	47.000000	3.64946   	47.000000	3.68728   	47.000000	3.68021   	47.000000	0.00169193	
50.000000	2.58029   	50.000000	3.507     	50.000000	3.47882   	50.000000	3.51011   	50.000000	3.5054    	50.000000	0.00159976	
55.000000	2.39765   	55.000000	3.25413   	55.000000	3.23167   	55.000000	3.25441   	55.000000	3.25266   	55.000000	0.00146743	
60.000000	2.24274   	60.000000	3.03992   	60.000000	3.02189   	60.000000	3.03818   	60.000000	3.03857   	60.000000	0.0013561 	
65.000000	2.1096    	65.000000	2.85612   	65.000000	2.8417    	65.000000	2.85288   	65.000000	2.85485   	65.000000	0.0012611 	
70.000000	1.99385   	70.000000	2.69664   	70.000000	2.68506   	70.000000	2.69227   	70.000000	2.69546   	70.000000	0.00117902	
75.000000	1.89224   	75.000000	2.55695   	75.000000	2.54787   	75.000000	2.55169   	75.000000	2.55584   	75.000000	0.00110737	
80.000000	1.80229   	80.000000	2.43355   	80.000000	2.42634   	80.000000	2.42759   	80.000000	2.4325    	80.000000	0.00104426	
85.000000	1.72205   	85.000000	2.32374   	85.000000	2.31785   	85.000000	2.31721   	85.000000	2.32275   	85.000000	0.000988221	
90.000000	1.65      	90.000000	2.22539   	90.000000	2.22092   	90.000000	2.21838   	90.000000	2.22445   	90.000000	0.00093812	
95.000000	1.58493   	95.000000	2.13677   	95.000000	2.13329   	95.000000	2.12936   	95.000000	2.13588   	95.000000	0.000893047	
100.000000	1.52584   	100.000000	2.05651   	100.000000	2.05367   	100.000000	2.04876   	100.000000	2.05565   	100.000000	0.000852271	
105.000000	1.47194   	105.000000	1.98346   	105.000000	1.98143   	105.000000	1.97541   	105.000000	1.98265   	105.000000	0.000815199	
110.000000	1.42255   	110.000000	1.9167    	110.000000	1.91522   	110.000000	1.90839   	110.000000	1.91591   	110.000000	0.000781341	
115.000000	1.37711   	115.000000	1.85543   	115.000000	1.85439   	115.000000	1.8469    	115.000000	1.85468   	115.000000	0.000750291	
120.000000	1.33516   	120.000000	1.79901   	120.000000	1.79839   	120.000000	1.79028   	120.000000	1.79829   	120.000000	0.00072171	
125.000000	1.29631   	125.000000	1.74688   	125.000000	1.74664   	125.000000	1.73797   	125.000000	1.74618   	125.000000	0.00069531	
130.000000	1.26021   	130.000000	1.69856   	130.000000	1.69865   	130.000000	1.6895    	130.000000	1.69789   	130.000000	0.000670847	
135.000000	1.22658   	135.000000	1.65365   	135.000000	1.6539    	135.000000	1.64445   	135.000000	1.653     	135.000000	0.000648114	
140.000000	1.19516   	140.000000	1.6118    	140.000000	1.61228   	140.000000	1.60248   	140.000000	1.61117   	140.000000	0.000626931	
145.000000	1.16574   	145.000000	1.5727    	145.000000	1.57344   	145.000000	1.56327   	145.000000	1.57209   	145.000000	0.000607141	
150.000000	1.13812   	150.000000	1.5361    	150.000000	1.53695   	150.000000	1.52657   	150.000000	1.53551   	150.000000	0.000588612	
155.000000	1.09917   	155.000000	1.50175   	155.000000	1.50271   	155.000000	1.49214   	155.000000	1.50118   	155.000000	0.000571223	
160.000000	1.07637   	160.000000	1.46946   	160.000000	1.47053   	160.000000	1.45978   	160.000000	1.4689    	160.000000	0.000554872	
165.000000	1.05486   	165.000000	1.43904   	165.000000	1.44021   	165.000000	1.4293    	165.000000	1.4385    	165.000000	0.000539467	
170.000000	1.03453   	170.000000	1.41034   	170.000000	1.41161   	170.000000	1.40055   	170.000000	1.40982   	170.000000	0.000524928	
175.000000	1.0153    	175.000000	1.38322   	175.000000	1.38457   	175.000000	1.37338   	175.000000	1.38271   	175.000000	0.000511182	
180.000000	0.997063  	180.000000	1.35754   	180.000000	1.35898   	180.000000	1.34767   	180.000000	1.35704   	180.000000	0.000498165	
185.000000	0.979753  	185.000000	1.3332    	185.000000	1.33473   	185.000000	1.3233    	185.000000	1.33271   	185.000000	0.000485821	
190.000000	0.963297  	190.000000	1.31009   	190.000000	1.31171   	190.000000	1.30017   	190.000000	1.30962   	190.000000	0.000474097	
195.000000	0.947634  	195.000000	1.28813   	195.000000	1.28978   	195.000000	1.27819   	195.000000	1.28766   	195.000000	0.000462947	
200.000000	0.932707  	200.000000	1.26722   	200.000000	1.26887   	200.000000	1.25727   	200.000000	1.26677   	200.000000	0.000452331	
210.000000	0.904862  	210.000000	1.2283    	210.000000	1.23008   	210.000000	1.21834   	210.000000	1.22786   	210.000000	0.000432547	
220.000000	0.879403  	220.000000	1.1928    	220.000000	1.19462   	220.000000	1.18286   	220.000000	1.19238   	220.000000	0.000414484	
230.000000	0.856036  	230.000000	1.16029   	230.000000	1.16218   	230.000000	1.15039   	230.000000	1.1599    	230.000000	0.000397924	
240.000000	0.834511  	240.000000	1.13042   	240.000000	1.13242   	240.000000	1.12057   	240.000000	1.13004   	240.000000	0.000382684	
250.000000	0.814618  	250.000000	1.10288   	250.000000	1.10494   	250.000000	1.09308   	250.000000	1.10251   	250.000000	0.000368611	
260.000000	0.796177  	260.000000	1.0774    	260.000000	1.07951   	260.000000	1.06768   	260.000000	1.07705   	260.000000	0.000355573	
270.000000	0.779035  	270.000000	1.05377   	270.000000	1.05594   	270.000000	1.04413   	270.000000	1.05343   	270.000000	0.000343461	
280.000000	0.763059  	280.000000	1.03179   	280.000000	1.03403   	280.000000	1.02224   	280.000000	1.03146   	280.000000	0.000332176	
290.000000	0.748135  	290.000000	1.0113    	290.000000	1.01361   	290.000000	1.00184   	290.000000	1.01098   	290.000000	0.000321636	
300.000000	0.734162  	300.000000	0.992152  	300.000000	0.994538  	300.000000	0.982798  	300.000000	0.991841  	300.000000	0.000311769	
310.000000	0.721053  	310.000000	0.974223  	310.000000	0.97669   	310.000000	0.964977  	310.000000	0.973921  	310.000000	0.000302511	
320.000000	0.708731  	320.000000	0.957401  	320.000000	0.959953  	320.000000	0.948267  	320.000000	0.957107  	320.000000	0.000293808	
330.000000	0.697127  	330.000000	0.941588  	330.000000	0.94423   	330.000000	0.93257   	330.000000	0.941303  	330.000000	0.000285609	
340.000000	0.686182  	340.000000	0.926699  	340.000000	0.929432  	340.000000	0.9178    	340.000000	0.926421  	340.000000	0.000277873	
350.000000	0.675841  	350.000000	0.912657  	350.000000	0.91548   	350.000000	0.903878  	350.000000	0.912386  	350.000000	0.000270559	
360.000000	0.666057  	360.000000	0.899392  	360.000000	0.902322  	360.000000	0.890739  	360.000000	0.899128  	360.000000	0.000263635	
370.000000	0.656787  	370.000000	0.886845  	370.000000	0.889799  	370.000000	0.878241  	370.000000	0.886587  	370.000000	0.00025707	
380.000000	0.647993  	380.000000	0.874959  	380.000000	0.877899  	380.000000	0.866411  	380.000000	0.874708  	380.000000	0.000250835	
390.000000	0.639639  	390.000000	0.863686  	390.000000	0.866606  	390.000000	0.855196  	390.000000	0.863441  	390.000000	0.000244907	
400.000000	0.631694  	400.000000	0.852982  	400.000000	0.855925  	400.000000	0.844553  	400.000000	0.852742  	400.000000	0.000239263	
410.000000	0.624129  	410.000000	0.842805  	410.000000	0.845796  	410.000000	0.83444   	410.000000	0.842571  	410.000000	0.000233882	
420.000000	0.61692   	420.000000	0.833119  	420.000000	0.836153  	420.000000	0.824821  	420.000000	0.83289   	420.000000	0.000228747	
430.000000	0.610042  	430.000000	0.823891  	430.000000	0.826969  	430.000000	0.815662  	430.000000	0.823667  	430.000000	0.000223841	
440.000000	0.603474  	440.000000	0.81509   	440.000000	0.818223  	440.000000	0.806932  	440.000000	0.814871  	440.000000	0.000219149	
450.000000	0.597196  	450.000000	0.80669   	450.000000	0.809869  	450.000000	0.798602  	450.000000	0.806475  	450.000000	0.000214656	
460.000000	0.59119   	460.000000	0.798664  	460.000000	0.801863  	460.000000	0.790649  	460.000000	0.798454  	460.000000	0.000210351	
470.000000	0.58544   	470.000000	0.79099   	470.000000	0.794198  	470.000000	0.783047  	470.000000	0.790783  	470.000000	0.000206221	
480.000000	0.579931  	480.000000	0.783645  	480.000000	0.786884  	480.000000	0.775776  	480.000000	0.783443  	480.000000	0.000202256	
490.000000	0.574648  	490.000000	0.776611  	490.000000	0.779906  	490.000000	0.768815  	490.000000	0.776413  	490.000000	0.000198447	
500.000000	0.56958   	500.000000	0.769869  	500.000000	0.773218  	500.000000	0.762146  	500.000000	0.769674  	500.000000	0.000194783	
520.000000	0.560036  	520.000000	0.757197  	520.000000	0.760591  	520.000000	0.749619  	520.000000	0.757009  	520.000000	0.000187862	
540.000000	0.551216  	540.000000	0.745509  	540.000000	0.748985  	540.000000	0.738073  	540.000000	0.745327  	540.000000	0.000181432	
560.000000	0.543045  	560.000000	0.734702  	560.000000	0.738278  	560.000000	0.727405  	560.000000	0.734527  	560.000000	0.000175443	
580.000000	0.535459  	580.000000	0.724689  	580.000000	0.728309  	580.000000	0.717524  	580.000000	0.724519  	580.000000	0.000169851	
600.000000	0.528403  	600.000000	0.715391  	600.000000	0.71909   	600.000000	0.708354  	600.000000	0.715226  	600.000000	0.000164616	
620.000000	0.521829  	620.000000	0.706741  	620.000000	0.710534  	620.000000	0.699826  	620.000000	0.706582  	620.000000	0.000159706	
640.000000	0.515693  	640.000000	0.698681  	640.000000	0.702519  	640.000000	0.691879  	640.000000	0.698526  	640.000000	0.00015509	
660.000000	0.509959  	660.000000	0.691157  	660.000000	0.695038  	660.000000	0.684462  	660.000000	0.691006  	660.000000	0.000150742	
680.000000	0.504591  	680.000000	0.684124  	680.000000	0.688079  	680.000000	0.677527  	680.000000	0.683978  	680.000000	0.000146641	
700.000000	0.499561  	700.000000	0.677541  	700.000000	0.681558  	700.000000	0.671034  	700.000000	0.677398  	700.000000	0.000142764	
720.000000	0.494841  	720.000000	0.671371  	720.000000	0.675417  	720.000000	0.664945  	720.000000	0.671232  	720.000000	0.000139094	
740.000000	0.490409  	740.000000	0.665582  	740.000000	0.669636  	740.000000	0.659228  	740.000000	0.665446  	740.000000	0.000135615	
760.000000	0.486243  	760.000000	0.660144  	760.000000	0.664203  	760.000000	0.653853  	760.000000	0.660011  	760.000000	0.000132311	
780.000000	0.482322  	780.000000	0.65503   	780.000000	0.659099  	780.000000	0.648794  	780.000000	0.654901  	780.000000	0.00012917	
800.000000	0.47863   	800.000000	0.650218  	800.000000	0.654306  	800.000000	0.644026  	800.000000	0.650092  	800.000000	0.00012618	
820.000000	0.475152  	820.000000	0.645686  	820.000000	0.649793  	820.000000	0.639528  	820.000000	0.645562  	820.000000	0.00012333	
840.000000	0.471872  	840.000000	0.641413  	840.000000	0.645524  	840.000000	0.635281  	840.000000	0.641292  	840.000000	0.00012061	
860.000000	0.468777  	860.000000	0.637383  	860.000000	0.641475  	860.000000	0.631267  	860.000000	0.637265  	860.000000	0.000118012	
880.000000	0.465857  	880.000000	0.633579  	880.000000	0.637635  	880.000000	0.62747   	880.000000	0.633463  	880.000000	0.000115528	
900.000000	0.463098  	900.000000	0.629986  	900.000000	0.633996  	900.000000	0.623874  	900.000000	0.629873  	900.000000	0.000113149	
920.000000	0.460493  	920.000000	0.626592  	920.000000	0.630548  	920.000000	0.620467  	920.000000	0.626481  	920.000000	0.00011087	
940.000000	0.458031  	940.000000	0.623383  	940.000000	0.627283  	940.000000	0.617237  	940.000000	0.623274  	940.000000	0.000108684	
960.000000	0.455704  	960.000000	0.620348  	960.000000	0.624193  	960.000000	0.614171  	960.000000	0.620242  	960.000000	0.000106585	
980.000000	0.453505  	980.000000	0.617478  	980.000000	0.621267  	980.000000	0.611259  	980.000000	0.617373  	980.000000	0.000104569	
1000.000000	0.451425  	1000.000000	0.614761  	1000.000000	0.618489  	1000.000000	0.608493  	1000.000000	0.614659  	1000.000000	0.000102631	
1020.000000	0.44946   	1020.000000	0.61219   	1020.000000	0.615847  	1020.000000	0.605863  	1020.000000	0.61209   	1020.000000	0.000100765	
1040.000000	0.447601  	1040.000000	0.609756  	1040.000000	0.613326  	1040.000000	0.603361  	1040.000000	0.609657  	1040.000000	9.89683e-05	
1060.000000	0.445844  	1060.000000	0.607452  	1060.000000	0.610921  	1060.000000	0.600979  	1060.000000	0.607355  	1060.000000	9.72368e-05	
1080.000000	0.444183  	1080.000000	0.60527   	1080.000000	0.608625  	1080.000000	0.598711  	1080.000000	0.605174  	1080.000000	9.55669e-05	
1100.000000	0.442614  	1100.000000	0.603204  	1100.000000	0.606435  	1100.000000	0.59655   	1100.000000	0.60311   	1100.000000	9.39554e-05	
1120.000000	0.441132  	1120.000000	0.601248  	1120.000000	0.604347  	1120.000000	0.59449   	1120.000000	0.601156  	1120.000000	9.23992e-05	
1140.000000	0.439732  	1140.000000	0.599396  	1140.000000	0.602355  	1140.000000	0.592525  	1140.000000	0.599305  	1140.000000	9.08956e-05	
1160.000000	0.43841   	1160.000000	0.597643  	1160.000000	0.600456  	1160.000000	0.590651  	1160.000000	0.597554  	1160.000000	8.94417e-05	
1180.000000	0.437164  	1180.000000	0.595984  	1180.000000	0.598647  	1180.000000	0.588862  	1180.000000	0.595896  	1180.000000	8.80352e-05	
1200.000000	0.435988  	1200.000000	0.594414  	1200.000000	0.596923  	1200.000000	0.587154  	1200.000000	0.594328  	1200.000000	8.66738e-05	
1220.000000	0.434881  	1220.000000	0.59293   	1220.000000	0.59528   	1220.000000	0.585524  	1220.000000	0.592844  	1220.000000	8.53554e-05	
1240.000000	0.433839  	1240.000000	0.591526  	1240.000000	0.593713  	1240.000000	0.583965  	1240.000000	0.591442  	1240.000000	8.40778e-05	
1260.000000	0.432859  	1260.000000	0.5902    	1260.000000	0.592217  	1260.000000	0.582476  	1260.000000	0.590117  	1260.000000	8.28392e-05	
1280.000000	0.431938  	1280.000000	0.588947  	1280.000000	0.590787  	1280.000000	0.581053  	1280.000000	0.588865  	1280.000000	8.16378e-05	
1300.000000	0.431074  	1300.000000	0.587765  	1300.000000	0.589418  	1300.000000	0.579692  	1300.000000	0.587684  	1300.000000	8.0472e-05	
1320.000000	0.430264  	1320.000000	0.586649  	1320.000000	0.588106  	1320.000000	0.578391  	1320.000000	0.58657   	1320.000000	7.93401e-05	
1340.000000	0.429507  	1340.000000	0.585598  	1340.000000	0.586847  	1340.000000	0.577146  	1340.000000	0.58552   	1340.000000	7.82408e-05	
1360.000000	0.428799  	1360.000000	0.584609  	1360.000000	0.585641  	1360.000000	0.575955  	1360.000000	0.584531  	1360.000000	7.71725e-05	
1380.000000	0.42814   	1380.000000	0.583678  	1380.000000	0.584485  	1380.000000	0.574815  	1380.000000	0.583602  	1380.000000	7.6134e-05	
1400.000000	0.427526  	1400.000000	0.582803  	1400.000000	0.583377  	1400.000000	0.573724  	1400.000000	0.582728  	1400.000000	7.51241e-05	
1420.000000	0.426957  	1420.000000	0.581983  	1420.000000	0.582317  	1420.000000	0.57268   	1420.000000	0.581909  	1420.000000	7.41415e-05	
1440.000000	0.42643   	1440.000000	0.581214  	1440.000000	0.581301  	1440.000000	0.571681  	1440.000000	0.581141  	1440.000000	7.31852e-05	
1460.000000	0.425945  	1460.000000	0.580495  	1460.000000	0.580329  	1460.000000	0.570724  	1460.000000	0.580423  	1460.000000	7.2254e-05	
1480.000000	0.425498  	1480.000000	0.579824  	1480.000000	0.579398  	1480.000000	0.569808  	1480.000000	0.579752  	1480.000000	7.13471e-05	
1500.000000	0.42509   	1500.000000	0.579198  	1500.000000	0.578508  	1500.000000	0.56893   	1500.000000	0.579127  	1500.000000	7.04635e-05	
1520.000000	0.424718  	1520.000000	0.578616  	1520.000000	0.577655  	1520.000000	0.56809   	1520.000000	0.578547  	1520.000000	6.96022e-05	
1540.000000	0.424382  	1540.000000	0.578077  	1540.000000	0.576838  	1540.000000	0.567286  	1540.000000	0.578008  	1540.000000	6.87624e-05	
1560.000000	0.42408   	1560.000000	0.577578  	1560.000000	0.576056  	1560.000000	0.566516  	1560.000000	0.57751   	1560.000000	6.79433e-05	
1580.000000	0.42381   	1580.000000	0.577119  	1580.000000	0.575307  	1580.000000	0.565778  	1580.000000	0.577052  	1580.000000	6.71442e-05	
1600.000000	0.423572  	1600.000000	0.576697  	1600.000000	0.57459   	1600.000000	0.565072  	1600.000000	0.576631  	1600.000000	6.63644e-05	
1620.000000	0.423365  	1620.000000	0.576312  	1620.000000	0.573903  	1620.000000	0.564395  	1620.000000	0.576246  	1620.000000	6.5603e-05	
1640.000000	0.423187  	1640.000000	0.575962  	1640.000000	0.573245  	1640.000000	0.563748  	1640.000000	0.575897  	1640.000000	6.48595e-05	
1660.000000	0.423038  	1660.000000	0.575645  	1660.000000	0.572615  	1660.000000	0.563128  	1660.000000	0.575581  	1660.000000	6.41333e-05	
1680.000000	0.422917  	1680.000000	0.575361  	1680.000000	0.572011  	1680.000000	0.562534  	1680.000000	0.575298  	1680.000000	6.34237e-05	
1700.000000	0.422823  	1700.000000	0.575109  	1700.000000	0.571433  	1700.000000	0.561966  	1700.000000	0.575046  	1700.000000	6.27301e-05	
1750.000000	0.422698  	1750.000000	0.574608  	1750.000000	0.570094  	1750.000000	0.560652  	1750.000000	0.574547  	1750.000000	6.1063e-05	
1800.000000	0.422723  	1800.000000	0.574282  	1800.000000	0.568894  	1800.000000	0.559475  	1800.000000	0.574223  	1800.000000	5.94851e-05	
1850.000000	0.422888  	1850.000000	0.574116  	1850.000000	0.567821  	1850.000000	0.558424  	1850.000000	0.574058  	1850.000000	5.79893e-05	
1900.000000	0.423181  	1900.000000	0.574098  	1900.000000	0.566863  	1900.000000	0.557488  	1900.000000	0.574041  	1900.000000	5.65694e-05	
1950.000000	0.423595  	1950.000000	0.574215  	1950.000000	0.566012  	1950.000000	0.556655  	1950.000000	0.57416   	1950.000000	5.52196e-05	
2000.000000	0.42412   	2000.000000	0.57446   	2000.000000	0.565257  	2000.000000	0.555917  	2000.000000	0.574406  	2000.000000	5.39348e-05	
2100.000000	0.425478  	2100.000000	0.57529   	2100.000000	0.564007  	2100.000000	0.554695  	2100.000000	0.575239  	2100.000000	5.15421e-05	
2200.000000	0.427205  	2200.000000	0.576526  	2200.000000	0.563055  	2200.000000	0.553765  	2200.000000	0.576477  	2200.000000	4.93591e-05	
2300.000000	0.429257  	2300.000000	0.578114  	2300.000000	0.562352  	2300.000000	0.55308   	2300.000000	0.578066  	2300.000000	4.73591e-05	
2400.000000	0.4316    	2400.000000	0.58001   	2400.000000	0.561857  	2400.000000	0.552603  	2400.000000	0.579964  	2400.000000	4.55198e-05	
2500.000000	0.434202  	2500.000000	0.582176  	2500.000000	0.561538  	2500.000000	0.552304  	2500.000000	0.582133  	2500.000000	4.38224e-05	
2600.000000	0.43704   	2600.000000	0.584582  	2600.000000	0.56137   	2600.000000	0.552155  	2600.000000	0.58454   	2600.000000	4.2251e-05	
2700.000000	0.44009   	2700.000000	0.587201  	2700.000000	0.561332  	2700.000000	0.552136  	2700.000000	0.58716   	2700.000000	4.07918e-05	
2800.000000	0.443333  	2800.000000	0.590009  	2800.000000	0.561406  	2800.000000	0.552228  	2800.000000	0.589969  	2800.000000	3.94331e-05	
2900.000000	0.446754  	2900.000000	0.592986  	2900.000000	0.561577  	2900.000000	0.552415  	2900.000000	0.592948  	2900.000000	3.81648e-05	
3000.000000	0.450337  	3000.000000	0.596116  	3000.000000	0.561832  	3000.000000	0.552684  	3000.000000	0.596079  	3000.000000	3.6978e-05	
3200.000000	0.457943  	3200.000000	0.602774  	3200.000000	0.562548  	3200.000000	0.553426  	3200.000000	0.602739  	3200.000000	3.48194e-05	
3400.000000	0.466069  	3400.000000	0.609883  	3400.000000	0.563481  	3400.000000	0.554381  	3400.000000	0.60985   	3400.000000	3.29059e-05	
3600.000000	0.474648  	3600.000000	0.617365  	3600.000000	0.564577  	3600.000000	0.555495  	3600.000000	0.617334  	3600.000000	3.11978e-05	
3800.000000	0.483628  	3800.000000	0.62516   	3800.000000	0.565795  	3800.000000	0.556726  	3800.000000	0.62513   	3800.000000	2.96634e-05	
4000.000000	0.492967  	4000.000000	0.633217  	4000.000000	0.567101  	4000.000000	0.558044  	4000.000000	0.633189  	4000.000000	2.82771e-05	
4200.000000	0.502631  	4200.000000	0.641498  	4200.000000	0.568472  	4200.000000	0.559426  	4200.000000	0.641471  	4200.000000	2.70184e-05	
4400.000000	0.512591  	4400.000000	0.64997   	4400.000000	0.569887  	4400.000000	0.560852  	4400.000000	0.649944  	4400.000000	2.58702e-05	
4600.000000	0.522825  	4600.000000	0.658607  	4600.000000	0.571332  	4600.000000	0.562308  	4600.000000	0.658582  	4600.000000	2.48184e-05	
4800.000000	0.533311  	4800.000000	0.667385  	4800.000000	0.572796  	4800.000000	0.563783  	4800.000000	0.667361  	4800.000000	2.38514e-05	
5000.000000	0.544034  	5000.000000	0.676287  	5000.000000	0.574269  	5000.000000	0.565268  	5000.000000	0.676264  	5000.000000	2.2959e-05	
5250.000000	0.557749  	5250.000000	0.687564  	5250.000000	0.576115  	5250.000000	0.567128  	5250.000000	0.687542  	5250.000000	2.1936e-05	
5500.000000	0.571787  	5500.000000	0.698984  	5500.000000	0.577955  	5500.000000	0.568983  	5500.000000	0.698963  	5500.000000	2.10028e-05	
6000.000000	0.600762  	6000.000000	0.722171  	6000.000000	0.581594  	6000.000000	0.572649  	6000.000000	0.722151  	6000.000000	1.93622e-05	
6500.000000	0.630838  	6500.000000	0.745717  	6500.000000	0.585147  	6500.000000	0.576226  	6500.000000	0.7457    	6500.000000	1.79659e-05	
7000.000000	0.661927  	7000.000000	0.769532  	7000.000000	0.588573  	7000.000000	0.579693  	7000.000000	0.769516  	7000.000000	1.67626e-05	
7500.000000	0.693965  	7500.000000	0.793549  	7500.000000	0.591906  	7500.000000	0.58304   	7500.000000	0.793533  	7500.000000	1.57146e-05	
8000.000000	0.726903  	8000.000000	0.817718  	8000.000000	0.595123  	8000.000000	0.586266  	8000.000000	0.817703  	8000.000000	1.47934e-05	
8500.000000	0.760704  	8500.000000	0.842003  	8500.000000	0.598214  	8500.000000	0.589371  	8500.000000	0.841989  	8500.000000	1.39771e-05	
9000.000000	0.795338  	9000.000000	0.866375  	9000.000000	0.601183  	9000.000000	0.592359  	9000.000000	0.866362  	9000.000000	1.32486e-05	
9500.000000	0.830783  	9500.000000	0.890813  	9500.000000	0.604039  	9500.000000	0.595234  	9500.000000	0.8908    	9500.000000	1.25944e-05	
10000.000000	0.867021  	10000.000000	0.915299  	10000.000000	0.606788  	10000.000000	0.598002  	10000.000000	0.915287  	10000.000000	1.20034e-05	
11000.000000	0.941816  	11000.000000	0.964368  	11000.000000	0.611983  	11000.000000	0.603238  	11000.000000	0.964357  	11000.000000	1.09777e-05	
12000.000000	1.01964   	12000.000000	1.0135    	12000.000000	0.616806  	12000.000000	0.608109  	12000.000000	1.01349   	12000.000000	1.01177e-05	
13000.000000	1.10043   	13000.000000	1.06265   	13000.000000	0.621301  	13000.000000	0.612656  	13000.000000	1.06264   	13000.000000	9.38593e-06	
14000.000000	1.18414   	14000.000000	1.11178   	14000.000000	0.62551   	14000.000000	0.616913  	14000.000000	1.11177   	14000.000000	8.75551e-06	
15000.000000	1.27076   	15000.000000	1.16087   	15000.000000	0.629462  	15000.000000	0.620912  	15000.000000	1.16086   	15000.000000	8.20658e-06	
16000.000000	1.36027   	16000.000000	1.20991   	16000.000000	0.633178  	16000.000000	0.624679  	16000.000000	1.2099    	16000.000000	7.72415e-06	
17000.000000	1.45265   	17000.000000	1.25888   	17000.000000	0.636681  	17000.000000	0.628238  	17000.000000	1.25887   	17000.000000	7.29674e-06	
18000.000000	1.54791   	18000.000000	1.30777   	18000.000000	0.639992  	18000.000000	0.631609  	18000.000000	1.30777   	18000.000000	6.91537e-06	
19000.000000	1.64603   	19000.000000	1.35659   	19000.000000	0.643131  	19000.000000	0.63481   	19000.000000	1.35659   	19000.000000	6.57291e-06	
20000.000000	1.74702   	20000.000000	1.40534   	20000.000000	0.646115  	20000.000000	0.637856  	20000.000000	1.40533   	20000.000000	6.26365e-06	
21000.000000	1.85089   	21000.000000	1.454     	21000.000000	0.648956  	21000.000000	0.640761  	21000.000000	1.45399   	21000.000000	5.98294e-06	
22000.000000	1.95764   	22000.000000	1.50258   	22000.000000	0.651661  	22000.000000	0.643537  	22000.000000	1.50258   	22000.000000	5.72697e-06	
23000.000000	2.06728   	23000.000000	1.55108   	23000.000000	0.654247  	23000.000000	0.646193  	23000.000000	1.55108   	23000.000000	5.49258e-06	
24000.000000	2.17982   	24000.000000	1.5995    	24000.000000	0.656719  	24000.000000	0.648741  	24000.000000	1.5995    	24000.000000	5.27713e-06	
25000.000000	2.29526   	25000.000000	1.64785   	25000.000000	0.659083  	25000.000000	0.651187  	25000.000000	1.64784   	25000.000000	5.07838e-06	
26000.000000	2.41363   	26000.000000	1.69611   	26000.000000	0.661353  	26000.000000	0.653539  	26000.000000	1.69611   	26000.000000	4.89446e-06	
27000.000000	2.53492   	27000.000000	1.7443    	27000.000000	0.663536  	27000.000000	0.655804  	27000.000000	1.7443    	27000.000000	4.72375e-06	
28000.000000	2.65916   	28000.000000	1.79242   	28000.000000	0.665639  	28000.000000	0.657988  	28000.000000	1.79241   	28000.000000	4.56486e-06	
29000.000000	2.78634   	29000.000000	1.84046   	29000.000000	0.667665  	29000.000000	0.660097  	29000.000000	1.84046   	29000.000000	4.4166e-06	
30000.000000	2.9165    	30000.000000	1.88843   	30000.000000	0.669618  	30000.000000	0.662135  	30000.000000	1.88843   	30000.000000	4.27792e-06	
32000.000000	3.18577   	32000.000000	1.98416   	32000.000000	0.673319  	32000.000000	0.666016  	32000.000000	1.98416   	32000.000000	4.02579e-06	
34000.000000	3.46708   	34000.000000	2.07963   	34000.000000	0.67677   	34000.000000	0.669662  	34000.000000	2.07962   	34000.000000	3.80246e-06	
36000.000000	3.76054   	36000.000000	2.17483   	36000.000000	0.679994  	36000.000000	0.673101  	36000.000000	2.17483   	36000.000000	3.60321e-06	
38000.000000	4.06628   	38000.000000	2.26979   	38000.000000	0.683015  	38000.000000	0.676352  	38000.000000	2.26979   	38000.000000	3.42432e-06	
40000.000000	4.38442   	40000.000000	2.36452   	40000.000000	0.685858  	40000.000000	0.679437  	40000.000000	2.36452   	40000.000000	3.2628e-06	
42000.000000	4.71509   	42000.000000	2.45902   	42000.000000	0.688547  	42000.000000	0.68237   	42000.000000	2.45902   	42000.000000	3.11621e-06	
44000.000000	5.05842   	44000.000000	2.55331   	44000.000000	0.691102  	44000.000000	0.685165  	44000.000000	2.5533    	44000.000000	2.98255e-06	
46000.000000	5.41454   	46000.000000	2.64738   	46000.000000	0.693539  	46000.000000	0.687835  	46000.000000	2.64738   	46000.000000	2.86018e-06	
48000.000000	5.78358   	48000.000000	2.74127   	48000.000000	0.695863  	48000.000000	0.69039   	48000.000000	2.74126   	48000.000000	2.74771e-06	
50000.000000	6.16569   	50000.000000	2.83496   	50000.000000	0.698067  	50000.000000	0.69284   	50000.000000	2.83495   	50000.000000	2.64397e-06	
