Energy (MeV/u)1	0 - [He-base] F.Hubert et al, AD&ND Tables 46(1990)1	Energy (MeV/u)2	1 - [H -base] J.F.Ziegler et al, Pergamon Press, NY (low energy)	Energy (MeV/u)3	2 - ATIMA 1.2  LS-theory (recommended for high energy)	Energy (MeV/u)4	3 - ATIMA 1.2  without LS-correction	Energy (MeV/u)5	4 - electrical component of [1] - J.F.Ziegler et al	Energy (MeV/u)6	5 - nuclear component of [1] - J.F.Ziegler et al	
0.001000	5.19152   	0.001000	5.10291   	0.001000	5.23074   	0.001000	5.23074   	0.001000	1.61784   	0.001000	3.48507   	
0.002000	5.26705   	0.002000	5.11331   	0.002000	5.28597   	0.002000	5.28597   	0.002000	2.11992   	0.002000	2.99339   	
0.005000	5.54      	0.005000	5.15135   	0.005000	5.4167    	0.005000	5.4167    	0.005000	3.03311   	0.005000	2.11824   	
0.008000	5.8855    	0.008000	5.32225   	0.008000	5.65733   	0.008000	5.65733   	0.008000	3.64643   	0.008000	1.67582   	
0.010000	6.11717   	0.010000	5.46223   	0.010000	5.83758   	0.010000	5.83758   	0.010000	3.98001   	0.010000	1.48222   	
0.015000	6.97536   	0.015000	5.88114   	0.015000	6.32696   	0.015000	6.32696   	0.015000	4.71485   	0.015000	1.16629   	
0.020000	7.78541   	0.020000	6.42086   	0.020000	6.99204   	0.020000	6.99204   	0.020000	5.44829   	0.020000	0.972572  	
0.025000	8.73704   	0.025000	7.10172   	0.025000	7.7015    	0.025000	7.7015    	0.025000	6.26187   	0.025000	0.839845  	
0.030000	9.60653   	0.030000	7.78995   	0.030000	8.36349   	0.030000	8.36349   	0.030000	7.04755   	0.030000	0.742404  	
0.035000	10.3709   	0.035000	8.4722    	0.035000	9.02421   	0.035000	9.02421   	0.035000	7.8048    	0.035000	0.667401  	
0.040000	11.0285   	0.040000	9.13682   	0.040000	9.67407   	0.040000	9.67407   	0.040000	8.53239   	0.040000	0.604431  	
0.045000	11.5652   	0.045000	9.78331   	0.045000	10.3142   	0.045000	10.3142   	0.045000	9.22896   	0.045000	0.554358  	
0.050000	11.9305   	0.050000	10.373    	0.050000	10.9407   	0.050000	10.9407   	0.050000	9.85977   	0.050000	0.513237  	
0.055000	12.5585   	0.055000	11.0061   	0.055000	11.5515   	0.055000	11.5515   	0.055000	10.5272   	0.055000	0.478916  	
0.060000	13.1185   	0.060000	11.6203   	0.060000	12.1443   	0.060000	12.1443   	0.060000	11.171    	0.060000	0.449331  	
0.070000	14.045    	0.070000	12.7861   	0.070000	13.2727   	0.070000	13.2727   	0.070000	12.3853   	0.070000	0.400818  	
0.080000	15.0389   	0.080000	13.8475   	0.080000	14.3216   	0.080000	14.3216   	0.080000	13.4849   	0.080000	0.362599  	
0.090000	15.8709   	0.090000	14.8143   	0.090000	15.29     	0.090000	15.29     	0.090000	14.4827   	0.090000	0.331627  	
0.100000	16.5766   	0.100000	15.688    	0.100000	16.1792   	0.100000	16.1792   	0.100000	15.3821   	0.100000	0.305965  	
0.120000	17.3163   	0.120000	17.211    	0.120000	17.7321   	0.120000	17.7321   	0.120000	16.9452   	0.120000	0.265787  	
0.140000	17.8673   	0.140000	18.4373   	0.140000	19.0128   	0.140000	19.0128   	0.140000	18.2017   	0.140000	0.235656  	
0.160000	18.3538   	0.160000	19.425    	0.160000	20.0598   	0.160000	20.0598   	0.160000	19.2128   	0.160000	0.212141  	
0.180000	18.8331   	0.180000	20.2273   	0.180000	20.9116   	0.180000	20.9116   	0.180000	20.0341   	0.180000	0.193228  	
0.200000	19.3272   	0.200000	20.8889   	0.200000	21.6034   	0.200000	21.6034   	0.200000	20.7112   	0.200000	0.177656  	
0.250000	20.2666   	0.250000	22.2958   	0.250000	22.8208   	0.250000	22.8208   	0.250000	22.1474   	0.250000	0.148479  	
0.300000	21.3918   	0.300000	23.5847   	0.300000	23.5649   	0.300000	23.5649   	0.300000	23.4566   	0.300000	0.128059  	
0.350000	22.3298   	0.350000	24.5332   	0.350000	24.0412   	0.350000	24.0412   	0.350000	24.4203   	0.350000	0.1129    	
0.400000	23.0995   	0.400000	25.2766   	0.400000	24.5174   	0.400000	24.5174   	0.400000	25.1755   	0.400000	0.101164  	
0.450000	23.9494   	0.450000	26.1284   	0.450000	25.5554   	0.450000	25.5554   	0.450000	26.0366   	0.450000	0.0917872 	
0.500000	24.6914   	0.500000	26.9212   	0.500000	26.3928   	0.500000	26.3928   	0.500000	26.8371   	0.500000	0.0841087 	
0.600000	24.8949   	0.600000	27.4829   	0.600000	27.171    	0.600000	27.171    	0.600000	27.4107   	0.600000	0.0722538 	
0.700000	24.6287   	0.700000	27.7199   	0.700000	27.3408   	0.700000	27.3408   	0.700000	27.6564   	0.700000	0.0634996 	
0.800000	24.5814   	0.800000	27.2673   	0.800000	27.3828   	0.800000	27.3828   	0.800000	27.2106   	0.800000	0.0567505 	
0.900000	24.4292   	0.900000	26.761    	0.900000	27.3368   	0.900000	27.3368   	0.900000	26.7096   	0.900000	0.0513765 	
1.000000	24.234    	1.000000	26.2588   	1.000000	27.2267   	1.000000	27.2267   	1.000000	26.2118   	1.000000	0.046989  	
1.250000	23.5598   	1.250000	25.6478   	1.250000	26.7001   	1.250000	26.7001   	1.250000	25.609    	1.250000	0.038862  	
1.500000	22.7826   	1.500000	24.9899   	1.500000	25.8576   	1.500000	25.8576   	1.500000	24.9566   	1.500000	0.0332504 	
1.750000	22.0707   	1.750000	24.423    	1.750000	25.0572   	1.750000	25.0572   	1.750000	24.3939   	1.750000	0.0291274 	
2.000000	21.3658   	2.000000	23.8653   	2.000000	24.2937   	2.000000	24.2937   	2.000000	23.8393   	2.000000	0.0259618 	
2.250000	20.6869   	2.250000	23.145    	2.250000	23.566    	2.250000	23.566    	2.250000	23.1216   	2.250000	0.0234498 	
2.500000	22.9346   	2.500000	22.4488   	2.500000	22.8735   	2.500000	22.8735   	2.500000	22.4274   	2.500000	0.0214049 	
3.000000	21.3099   	3.000000	21.0973   	3.000000	21.5903   	3.000000	21.5903   	3.000000	21.079    	3.000000	0.0182701 	
3.500000	19.8785   	3.500000	19.9068   	3.500000	20.4334   	3.500000	20.4334   	3.500000	19.8909   	3.500000	0.0159736 	
4.000000	18.622    	4.000000	18.8743   	4.000000	19.3897   	4.000000	19.3897   	4.000000	18.8601   	4.000000	0.0142146 	
4.500000	17.5162   	4.500000	17.9392   	4.500000	18.4457   	4.500000	18.4457   	4.500000	17.9264   	4.500000	0.0128215 	
5.000000	16.5381   	5.000000	17.0869   	5.000000	17.5891   	5.000000	17.5891   	5.000000	17.0752   	5.000000	0.0116894 	
5.500000	15.6681   	5.500000	16.325    	5.500000	16.8089   	5.500000	16.8089   	5.500000	16.3143   	5.500000	0.0107501 	
6.000000	14.8897   	6.000000	15.6278   	6.000000	16.0959   	6.000000	16.0959   	6.000000	15.6178   	6.000000	0.00995746	
6.500000	14.1895   	6.500000	14.9879   	6.500000	15.4418   	6.500000	15.4418   	6.500000	14.9786   	6.500000	0.00927917	
7.000000	13.5564   	7.000000	14.3989   	7.000000	14.8397   	7.000000	14.8397   	7.000000	14.3902   	7.000000	0.00869174	
7.500000	12.9812   	7.500000	13.8552   	7.500000	14.2837   	7.500000	14.2837   	7.500000	13.847    	7.500000	0.00817778	
8.000000	12.4562   	8.000000	13.3518   	8.000000	13.7688   	8.000000	13.7688   	8.000000	13.3441   	8.000000	0.0077241 	
8.500000	11.9751   	8.500000	12.8846   	8.500000	13.2906   	8.500000	13.2906   	8.500000	12.8772   	8.500000	0.00732052	
9.000000	11.5327   	9.000000	12.4496   	9.000000	12.8451   	9.000000	12.8451   	9.000000	12.4427   	9.000000	0.00695904	
9.500000	11.1243   	9.500000	12.0438   	9.500000	12.4293   	9.500000	12.4293   	9.500000	12.0372   	9.500000	0.00663329	
10.000000	10.7462   	10.000000	12.0212   	10.000000	12.0402   	10.000000	12.0402   	10.000000	12.0149   	10.000000	0.00633814	
11.000000	10.0679   	11.000000	11.3357   	11.000000	11.3001   	11.000000	11.3513   	11.000000	11.3298   	11.000000	0.00582363	
12.000000	9.47681   	12.000000	10.7261   	12.000000	10.6492   	12.000000	10.7386   	12.000000	10.7207   	12.000000	0.00538995	
13.000000	8.95679   	13.000000	10.1809   	13.000000	10.0728   	13.000000	10.1906   	13.000000	10.1759   	13.000000	0.00501917	
14.000000	8.49559   	14.000000	9.69047   	14.000000	9.55889   	14.000000	9.69774   	14.000000	9.68578   	14.000000	0.00469834	
15.000000	8.08362   	15.000000	9.2471    	15.000000	9.09809   	15.000000	9.25241   	15.000000	9.24268   	15.000000	0.00441787	
16.000000	7.71328   	16.000000	8.84437   	16.000000	8.68253   	16.000000	8.84823   	16.000000	8.8402    	16.000000	0.00417047	
17.000000	7.37846   	17.000000	8.47697   	17.000000	8.30594   	17.000000	8.47993   	17.000000	8.47302   	17.000000	0.00395053	
18.000000	7.0742    	18.000000	8.14049   	18.000000	7.96338   	18.000000	8.14312   	18.000000	8.13673   	18.000000	0.00375367	
19.000000	6.79643   	19.000000	7.83118   	19.000000	7.65073   	19.000000	7.83406   	19.000000	7.8276    	19.000000	0.00357636	
20.000000	6.54179   	20.000000	7.54589   	20.000000	7.36452   	20.000000	7.54962   	20.000000	7.54247   	20.000000	0.0034158 	
21.000000	6.30745   	21.000000	7.28194   	21.000000	7.10153   	21.000000	7.28711   	21.000000	7.27867   	21.000000	0.00326969	
22.000000	6.09103   	22.000000	7.03703   	22.000000	6.85889   	22.000000	7.04421   	22.000000	7.03389   	22.000000	0.00313612	
23.000000	5.89053   	23.000000	6.80916   	23.000000	6.63445   	23.000000	6.81894   	23.000000	6.80615   	23.000000	0.00301352	
24.000000	5.70421   	24.000000	6.59663   	24.000000	6.42651   	24.000000	6.60955   	24.000000	6.59373   	24.000000	0.00290058	
25.000000	5.53061   	25.000000	6.39794   	25.000000	6.23359   	25.000000	6.41453   	25.000000	6.39514   	25.000000	0.00279619	
27.000000	5.21657   	27.000000	6.03698   	27.000000	5.88746   	27.000000	6.06249   	27.000000	6.03437   	27.000000	0.00260935	
29.000000	4.94003   	29.000000	5.71762   	29.000000	5.58577   	29.000000	5.75398   	29.000000	5.71518   	29.000000	0.00244694	
31.000000	4.69456   	31.000000	5.43306   	31.000000	5.31838   	31.000000	5.47225   	31.000000	5.43076   	31.000000	0.00230439	
33.000000	4.4751    	33.000000	5.1779    	33.000000	5.07706   	33.000000	5.2115    	33.000000	5.17572   	33.000000	0.00217822	
35.000000	4.27768   	35.000000	4.94781   	35.000000	4.85963   	35.000000	4.97683   	35.000000	4.94575   	35.000000	0.00206572	
38.000000	4.01597   	38.000000	4.64215   	38.000000	4.56884   	38.000000	4.66571   	38.000000	4.64024   	38.000000	0.00191804	
41.000000	3.78829   	41.000000	4.37575   	41.000000	4.31478   	41.000000	4.39512   	41.000000	4.37396   	41.000000	0.00179089	
44.000000	3.5883    	44.000000	4.14148   	44.000000	4.09044   	44.000000	4.15757   	44.000000	4.1398    	44.000000	0.00168021	
47.000000	3.41115   	47.000000	3.93387   	47.000000	3.89118   	47.000000	3.94734   	47.000000	3.93229   	47.000000	0.00158295	
50.000000	3.25309   	50.000000	3.7486    	50.000000	3.71322   	50.000000	3.75995   	50.000000	3.7471    	50.000000	0.00149679	
55.000000	3.02422   	55.000000	3.48045   	55.000000	3.45392   	55.000000	3.48907   	55.000000	3.47908   	55.000000	0.00137305	
60.000000	2.82992   	60.000000	3.25305   	60.000000	3.23399   	60.000000	3.2596    	60.000000	3.25178   	60.000000	0.00126895	
65.000000	2.66277   	65.000000	3.05774   	65.000000	3.04398   	65.000000	3.06269   	65.000000	3.05656   	65.000000	0.00118011	
70.000000	2.51736   	70.000000	2.88816   	70.000000	2.87864   	70.000000	2.89181   	70.000000	2.88706   	70.000000	0.00110335	
75.000000	2.38964   	75.000000	2.73953   	75.000000	2.73341   	75.000000	2.7421    	75.000000	2.73849   	75.000000	0.00103634	
80.000000	2.27649   	80.000000	2.60817   	80.000000	2.60499   	80.000000	2.60982   	80.000000	2.60719   	80.000000	0.000977316	
85.000000	2.17553   	85.000000	2.49123   	85.000000	2.49022   	85.000000	2.49208   	85.000000	2.49031   	85.000000	0.000924905	
90.000000	2.08483   	90.000000	2.38645   	90.000000	2.38699   	90.000000	2.38659   	90.000000	2.38557   	90.000000	0.000878042	
95.000000	2.00288   	95.000000	2.29202   	95.000000	2.29391   	95.000000	2.29153   	95.000000	2.29118   	95.000000	0.000835881	
100.000000	1.92845   	100.000000	2.20647   	100.000000	2.20952   	100.000000	2.2054    	100.000000	2.20567   	100.000000	0.000797739	
105.000000	1.86052   	105.000000	2.1286    	105.000000	2.13267   	105.000000	2.12701   	105.000000	2.12783   	105.000000	0.000763059	
110.000000	1.79827   	110.000000	2.05741   	110.000000	2.06218   	110.000000	2.05534   	110.000000	2.05668   	110.000000	0.000731386	
115.000000	1.74098   	115.000000	1.99208   	115.000000	1.9974    	115.000000	1.98957   	115.000000	1.99138   	115.000000	0.000702338	
120.000000	1.68808   	120.000000	1.93191   	120.000000	1.93772   	120.000000	1.92898   	120.000000	1.93123   	120.000000	0.000675599	
125.000000	1.63907   	125.000000	1.8763    	125.000000	1.88256   	125.000000	1.873     	125.000000	1.87565   	125.000000	0.0006509 	
130.000000	1.59353   	130.000000	1.82477   	130.000000	1.8314    	130.000000	1.8211    	130.000000	1.82414   	130.000000	0.000628013	
135.000000	1.55109   	135.000000	1.77686   	135.000000	1.78366   	135.000000	1.77286   	135.000000	1.77625   	135.000000	0.000606744	
140.000000	1.51144   	140.000000	1.73221   	140.000000	1.73925   	140.000000	1.72791   	140.000000	1.73163   	140.000000	0.000586924	
145.000000	1.4743    	145.000000	1.69051   	145.000000	1.6978    	145.000000	1.68591   	145.000000	1.68994   	145.000000	0.000568408	
150.000000	1.43944   	150.000000	1.65145   	150.000000	1.65884   	150.000000	1.64659   	150.000000	1.6509    	150.000000	0.00055107	
155.000000	1.39023   	155.000000	1.61481   	155.000000	1.62226   	155.000000	1.60969   	155.000000	1.61428   	155.000000	0.000534799	
160.000000	1.36144   	160.000000	1.58036   	160.000000	1.58789   	160.000000	1.575     	160.000000	1.57984   	160.000000	0.0005195 	
165.000000	1.33429   	165.000000	1.54791   	165.000000	1.55552   	165.000000	1.54233   	165.000000	1.5474    	165.000000	0.000505085	
170.000000	1.30862   	170.000000	1.51729   	170.000000	1.52486   	170.000000	1.51151   	170.000000	1.5168    	170.000000	0.00049148	
175.000000	1.28433   	175.000000	1.48835   	175.000000	1.49586   	175.000000	1.48238   	175.000000	1.48787   	175.000000	0.000478617	
180.000000	1.26129   	180.000000	1.46095   	180.000000	1.4685    	180.000000	1.4548    	180.000000	1.46049   	180.000000	0.000466436	
185.000000	1.23943   	185.000000	1.43498   	185.000000	1.44256   	185.000000	1.42867   	185.000000	1.43453   	185.000000	0.000454884	
190.000000	1.21864   	190.000000	1.41033   	190.000000	1.41786   	190.000000	1.40386   	190.000000	1.40989   	190.000000	0.000443912	
195.000000	1.19885   	195.000000	1.38689   	195.000000	1.39433   	195.000000	1.38028   	195.000000	1.38646   	195.000000	0.000433478	
200.000000	1.17999   	200.000000	1.36459   	200.000000	1.37197   	200.000000	1.35784   	200.000000	1.36417   	200.000000	0.000423543	
210.000000	1.14481   	210.000000	1.32306   	210.000000	1.33049   	210.000000	1.31607   	210.000000	1.32266   	210.000000	0.000405028	
220.000000	1.11263   	220.000000	1.28519   	220.000000	1.29256   	220.000000	1.278     	220.000000	1.2848    	220.000000	0.000388123	
230.000000	1.0831    	230.000000	1.25051   	230.000000	1.2578    	230.000000	1.24315   	230.000000	1.25014   	230.000000	0.000372624	
240.000000	1.05589   	240.000000	1.21864   	240.000000	1.22582   	240.000000	1.21114   	240.000000	1.21828   	240.000000	0.00035836	
250.000000	1.03075   	250.000000	1.18925   	250.000000	1.19631   	250.000000	1.18164   	250.000000	1.18891   	250.000000	0.000345188	
260.000000	1.00743   	260.000000	1.16207   	260.000000	1.16906   	260.000000	1.15436   	260.000000	1.16174   	260.000000	0.000332986	
270.000000	0.985759  	270.000000	1.13686   	270.000000	1.14383   	270.000000	1.12908   	270.000000	1.13653   	270.000000	0.000321648	
280.000000	0.96556   	280.000000	1.11341   	280.000000	1.12037   	280.000000	1.10558   	280.000000	1.1131    	280.000000	0.000311085	
290.000000	0.946689  	290.000000	1.09155   	290.000000	1.0984    	290.000000	1.08368   	290.000000	1.09124   	290.000000	0.00030122	
300.000000	0.92902   	300.000000	1.07112   	300.000000	1.07795   	300.000000	1.06323   	300.000000	1.07082   	300.000000	0.000291984	
310.000000	0.912443  	310.000000	1.05199   	310.000000	1.05883   	310.000000	1.0441    	310.000000	1.0517    	310.000000	0.000283318	
320.000000	0.896859  	320.000000	1.03404   	320.000000	1.04082   	320.000000	1.02615   	320.000000	1.03376   	320.000000	0.00027517	
330.000000	0.882184  	330.000000	1.01717   	330.000000	1.02395   	330.000000	1.0093    	330.000000	1.0169    	330.000000	0.000267496	
340.000000	0.868341  	340.000000	1.00128   	340.000000	1.00811   	340.000000	0.99344   	340.000000	1.00102   	340.000000	0.000260253	
350.000000	0.855263  	350.000000	0.986298  	350.000000	0.993102  	350.000000	0.978492  	350.000000	0.986045  	350.000000	0.000253407	
360.000000	0.842888  	360.000000	0.972145  	360.000000	0.978928  	360.000000	0.964383  	360.000000	0.971898  	360.000000	0.000246925	
370.000000	0.831163  	370.000000	0.958756  	370.000000	0.965465  	370.000000	0.950973  	370.000000	0.958515  	370.000000	0.000240779	
380.000000	0.820038  	380.000000	0.946073  	380.000000	0.952708  	380.000000	0.938279  	380.000000	0.945838  	380.000000	0.000234942	
390.000000	0.809471  	390.000000	0.934044  	390.000000	0.940628  	390.000000	0.926247  	390.000000	0.933815  	390.000000	0.000229392	
400.000000	0.799421  	400.000000	0.922621  	400.000000	0.929208  	400.000000	0.914828  	400.000000	0.922397  	400.000000	0.000224108	
410.000000	0.789852  	410.000000	0.91176   	410.000000	0.918362  	410.000000	0.903979  	410.000000	0.911541  	410.000000	0.000219071	
420.000000	0.780732  	420.000000	0.901423  	420.000000	0.908006  	420.000000	0.89366   	420.000000	0.901209  	420.000000	0.000214263	
430.000000	0.772031  	430.000000	0.891575  	430.000000	0.898124  	430.000000	0.883835  	430.000000	0.891365  	430.000000	0.00020967	
440.000000	0.763721  	440.000000	0.882182  	440.000000	0.88871   	440.000000	0.874471  	440.000000	0.881977  	440.000000	0.000205277	
450.000000	0.755779  	450.000000	0.873216  	450.000000	0.879733  	450.000000	0.865537  	450.000000	0.873015  	450.000000	0.00020107	
460.000000	0.748181  	460.000000	0.86465   	460.000000	0.871161  	460.000000	0.857007  	460.000000	0.864453  	460.000000	0.000197039	
470.000000	0.740907  	470.000000	0.856458  	470.000000	0.862967  	470.000000	0.848856  	470.000000	0.856265  	470.000000	0.000193173	
480.000000	0.733937  	480.000000	0.848618  	480.000000	0.855128  	480.000000	0.841059  	480.000000	0.848428  	480.000000	0.000189461	
490.000000	0.727253  	490.000000	0.841109  	490.000000	0.847624  	490.000000	0.833596  	490.000000	0.840923  	490.000000	0.000185894	
500.000000	0.72084   	500.000000	0.833911  	500.000000	0.840436  	500.000000	0.826447  	500.000000	0.833729  	500.000000	0.000182463	
520.000000	0.708766  	520.000000	0.820381  	520.000000	0.826934  	520.000000	0.813019  	520.000000	0.820205  	520.000000	0.000175983	
540.000000	0.697606  	540.000000	0.807901  	540.000000	0.814489  	540.000000	0.800646  	540.000000	0.807731  	540.000000	0.000169962	
560.000000	0.687267  	560.000000	0.796361  	560.000000	0.802993  	560.000000	0.789217  	560.000000	0.796196  	560.000000	0.000164355	
580.000000	0.677669  	580.000000	0.785666  	580.000000	0.792347  	580.000000	0.778635  	580.000000	0.785507  	580.000000	0.000159118	
600.000000	0.668741  	600.000000	0.775734  	600.000000	0.782465  	600.000000	0.768815  	600.000000	0.775579  	600.000000	0.000154216	
620.000000	0.660423  	620.000000	0.766493  	620.000000	0.773279  	620.000000	0.759686  	620.000000	0.766343  	620.000000	0.000149618	
640.000000	0.652659  	640.000000	0.75788   	640.000000	0.764729  	640.000000	0.751183  	640.000000	0.757735  	640.000000	0.000145296	
660.000000	0.645402  	660.000000	0.74984   	660.000000	0.756729  	660.000000	0.743248  	660.000000	0.749698  	660.000000	0.000141225	
680.000000	0.63861   	680.000000	0.742322  	680.000000	0.74922   	680.000000	0.735833  	680.000000	0.742185  	680.000000	0.000137383	
700.000000	0.632245  	700.000000	0.735284  	700.000000	0.742199  	700.000000	0.728892  	700.000000	0.735151  	700.000000	0.000133753	
720.000000	0.626273  	720.000000	0.728687  	720.000000	0.735646  	720.000000	0.722386  	720.000000	0.728557  	720.000000	0.000130316	
740.000000	0.620664  	740.000000	0.722495  	740.000000	0.729504  	740.000000	0.71628   	740.000000	0.722368  	740.000000	0.000127058	
760.000000	0.615392  	760.000000	0.716678  	760.000000	0.723725  	760.000000	0.710541  	760.000000	0.716554  	760.000000	0.000123964	
780.000000	0.610431  	780.000000	0.711207  	780.000000	0.718286  	780.000000	0.705142  	780.000000	0.711086  	780.000000	0.000121022	
800.000000	0.605759  	800.000000	0.706056  	800.000000	0.713168  	800.000000	0.700057  	800.000000	0.705938  	800.000000	0.000118222	
820.000000	0.601357  	820.000000	0.701204  	820.000000	0.70834   	820.000000	0.695262  	820.000000	0.701089  	820.000000	0.000115553	
840.000000	0.597206  	840.000000	0.696629  	840.000000	0.70377   	840.000000	0.690737  	840.000000	0.696516  	840.000000	0.000113006	
860.000000	0.59329   	860.000000	0.692313  	860.000000	0.699437  	860.000000	0.686462  	860.000000	0.692202  	860.000000	0.000110573	
880.000000	0.589594  	880.000000	0.688237  	880.000000	0.695336  	880.000000	0.68242   	880.000000	0.688129  	880.000000	0.000108246	
900.000000	0.586104  	900.000000	0.684387  	900.000000	0.691462  	900.000000	0.678595  	900.000000	0.684281  	900.000000	0.000106018	
920.000000	0.582807  	920.000000	0.680748  	920.000000	0.687807  	920.000000	0.674973  	920.000000	0.680645  	920.000000	0.000103883	
940.000000	0.579691  	940.000000	0.677307  	940.000000	0.684349  	940.000000	0.67154   	940.000000	0.677206  	940.000000	0.000101836	
960.000000	0.576747  	960.000000	0.674052  	960.000000	0.681074  	960.000000	0.668285  	960.000000	0.673952  	960.000000	9.98706e-05	
980.000000	0.573963  	980.000000	0.670971  	980.000000	0.677965  	980.000000	0.665196  	980.000000	0.670873  	980.000000	9.79822e-05	
1000.000000	0.571332  	1000.000000	0.668055  	1000.000000	0.675009  	1000.000000	0.662263  	1000.000000	0.667959  	1000.000000	9.61664e-05	
1020.000000	0.568844  	1020.000000	0.665294  	1020.000000	0.672194  	1020.000000	0.659476  	1020.000000	0.665199  	1020.000000	9.4419e-05	
1040.000000	0.566492  	1040.000000	0.662679  	1040.000000	0.66951   	1040.000000	0.656826  	1040.000000	0.662586  	1040.000000	9.27361e-05	
1060.000000	0.564268  	1060.000000	0.660202  	1060.000000	0.666951  	1060.000000	0.654306  	1060.000000	0.660111  	1060.000000	9.11143e-05	
1080.000000	0.562167  	1080.000000	0.657855  	1080.000000	0.664513  	1080.000000	0.651909  	1080.000000	0.657766  	1080.000000	8.95502e-05	
1100.000000	0.560181  	1100.000000	0.655632  	1100.000000	0.662193  	1100.000000	0.649626  	1100.000000	0.655544  	1100.000000	8.80408e-05	
1120.000000	0.558305  	1120.000000	0.653527  	1120.000000	0.659989  	1120.000000	0.647452  	1120.000000	0.65344   	1120.000000	8.65832e-05	
1140.000000	0.556533  	1140.000000	0.651532  	1140.000000	0.657894  	1140.000000	0.64538   	1140.000000	0.651447  	1140.000000	8.51747e-05	
1160.000000	0.554861  	1160.000000	0.649642  	1160.000000	0.655901  	1160.000000	0.643406  	1160.000000	0.649559  	1160.000000	8.38129e-05	
1180.000000	0.553283  	1180.000000	0.647853  	1180.000000	0.654004  	1180.000000	0.641523  	1180.000000	0.647771  	1180.000000	8.24955e-05	
1200.000000	0.551796  	1200.000000	0.646159  	1200.000000	0.652195  	1200.000000	0.639728  	1200.000000	0.646078  	1200.000000	8.12203e-05	
1220.000000	0.550395  	1220.000000	0.644556  	1220.000000	0.650469  	1220.000000	0.638014  	1220.000000	0.644476  	1220.000000	7.99853e-05	
1240.000000	0.549076  	1240.000000	0.643039  	1240.000000	0.648822  	1240.000000	0.63638   	1240.000000	0.64296   	1240.000000	7.87885e-05	
1260.000000	0.547835  	1260.000000	0.641605  	1260.000000	0.647247  	1260.000000	0.634819  	1260.000000	0.641527  	1260.000000	7.76283e-05	
1280.000000	0.54667   	1280.000000	0.640248  	1280.000000	0.645742  	1280.000000	0.633329  	1280.000000	0.640172  	1280.000000	7.6503e-05	
1300.000000	0.545576  	1300.000000	0.638967  	1300.000000	0.6443    	1300.000000	0.631906  	1300.000000	0.638892  	1300.000000	7.54109e-05	
1320.000000	0.544552  	1320.000000	0.637758  	1320.000000	0.64292   	1320.000000	0.630546  	1320.000000	0.637683  	1320.000000	7.43507e-05	
1340.000000	0.543593  	1340.000000	0.636616  	1340.000000	0.641598  	1340.000000	0.629248  	1340.000000	0.636543  	1340.000000	7.33208e-05	
1360.000000	0.542698  	1360.000000	0.635541  	1360.000000	0.640332  	1360.000000	0.628007  	1360.000000	0.635468  	1360.000000	7.23201e-05	
1380.000000	0.541863  	1380.000000	0.634528  	1380.000000	0.639122  	1380.000000	0.626821  	1380.000000	0.634456  	1380.000000	7.13473e-05	
1400.000000	0.541087  	1400.000000	0.633575  	1400.000000	0.637965  	1400.000000	0.625688  	1400.000000	0.633504  	1400.000000	7.04013e-05	
1420.000000	0.540366  	1420.000000	0.632679  	1420.000000	0.636861  	1420.000000	0.624605  	1420.000000	0.63261   	1420.000000	6.94808e-05	
1440.000000	0.5397    	1440.000000	0.631839  	1440.000000	0.635808  	1440.000000	0.62357   	1440.000000	0.631771  	1440.000000	6.85849e-05	
1460.000000	0.539085  	1460.000000	0.631052  	1460.000000	0.634804  	1460.000000	0.622581  	1460.000000	0.630984  	1460.000000	6.77127e-05	
1480.000000	0.538521  	1480.000000	0.630315  	1480.000000	0.633846  	1480.000000	0.621635  	1480.000000	0.630248  	1480.000000	6.68631e-05	
1500.000000	0.538004  	1500.000000	0.629628  	1500.000000	0.632933  	1500.000000	0.620731  	1500.000000	0.629562  	1500.000000	6.60353e-05	
1520.000000	0.537534  	1520.000000	0.628987  	1520.000000	0.632059  	1520.000000	0.619866  	1520.000000	0.628922  	1520.000000	6.52284e-05	
1540.000000	0.537108  	1540.000000	0.628391  	1540.000000	0.631225  	1540.000000	0.61904   	1540.000000	0.628327  	1540.000000	6.44418e-05	
1560.000000	0.536725  	1560.000000	0.627839  	1560.000000	0.630426  	1560.000000	0.618251  	1560.000000	0.627775  	1560.000000	6.36745e-05	
1580.000000	0.536384  	1580.000000	0.627328  	1580.000000	0.629662  	1580.000000	0.617496  	1580.000000	0.627265  	1580.000000	6.29259e-05	
1600.000000	0.536083  	1600.000000	0.626858  	1600.000000	0.628929  	1600.000000	0.616776  	1600.000000	0.626796  	1600.000000	6.21952e-05	
1620.000000	0.535821  	1620.000000	0.626427  	1620.000000	0.628227  	1620.000000	0.616087  	1620.000000	0.626365  	1620.000000	6.1482e-05	
1640.000000	0.535596  	1640.000000	0.626032  	1640.000000	0.627554  	1640.000000	0.615429  	1640.000000	0.625972  	1640.000000	6.07855e-05	
1660.000000	0.535407  	1660.000000	0.625674  	1660.000000	0.62691   	1660.000000	0.6148    	1660.000000	0.625614  	1660.000000	6.01051e-05	
1680.000000	0.535254  	1680.000000	0.625351  	1680.000000	0.626294  	1680.000000	0.614201  	1680.000000	0.625291  	1680.000000	5.94403e-05	
1700.000000	0.535134  	1700.000000	0.625061  	1700.000000	0.625705  	1700.000000	0.613628  	1700.000000	0.625002  	1700.000000	5.87906e-05	
1750.000000	0.534977  	1750.000000	0.624475  	1750.000000	0.624349  	1750.000000	0.612308  	1750.000000	0.624418  	1750.000000	5.72288e-05	
1800.000000	0.535009  	1800.000000	0.624076  	1800.000000	0.623148  	1800.000000	0.611137  	1800.000000	0.62402   	1800.000000	5.57505e-05	
1850.000000	0.535217  	1850.000000	0.623846  	1850.000000	0.62209   	1850.000000	0.6101    	1850.000000	0.623792  	1850.000000	5.43492e-05	
1900.000000	0.535588  	1900.000000	0.623775  	1900.000000	0.62116   	1900.000000	0.609184  	1900.000000	0.623722  	1900.000000	5.30189e-05	
1950.000000	0.536112  	1950.000000	0.623849  	1950.000000	0.620342  	1950.000000	0.60838   	1950.000000	0.623797  	1950.000000	5.17542e-05	
2000.000000	0.536777  	2000.000000	0.624057  	2000.000000	0.619626  	2000.000000	0.607678  	2000.000000	0.624006  	2000.000000	5.05505e-05	
2100.000000	0.538496  	2100.000000	0.624839  	2100.000000	0.618456  	2100.000000	0.606542  	2100.000000	0.62479   	2100.000000	4.83087e-05	
2200.000000	0.540681  	2200.000000	0.626052  	2200.000000	0.617588  	2200.000000	0.605716  	2200.000000	0.626006  	2200.000000	4.62634e-05	
2300.000000	0.543278  	2300.000000	0.627641  	2300.000000	0.616983  	2300.000000	0.605152  	2300.000000	0.627596  	2300.000000	4.43896e-05	
2400.000000	0.546243  	2400.000000	0.629558  	2400.000000	0.616604  	2400.000000	0.604809  	2400.000000	0.629516  	2400.000000	4.26662e-05	
2500.000000	0.549537  	2500.000000	0.631764  	2500.000000	0.61642   	2500.000000	0.604652  	2500.000000	0.631723  	2500.000000	4.10758e-05	
2600.000000	0.553128  	2600.000000	0.634226  	2600.000000	0.616401  	2600.000000	0.604656  	2600.000000	0.634186  	2600.000000	3.96034e-05	
2700.000000	0.556988  	2700.000000	0.636914  	2700.000000	0.616521  	2700.000000	0.604796  	2700.000000	0.636875  	2700.000000	3.82361e-05	
2800.000000	0.561093  	2800.000000	0.639804  	2800.000000	0.61676   	2800.000000	0.605052  	2800.000000	0.639767  	2800.000000	3.6963e-05	
2900.000000	0.565422  	2900.000000	0.642875  	2900.000000	0.617101  	2900.000000	0.605408  	2900.000000	0.642839  	2900.000000	3.57746e-05	
3000.000000	0.569958  	3000.000000	0.646108  	3000.000000	0.617528  	3000.000000	0.60585   	3000.000000	0.646073  	3000.000000	3.46625e-05	
3200.000000	0.579585  	3200.000000	0.653     	3200.000000	0.618596  	3200.000000	0.606944  	3200.000000	0.652967  	3200.000000	3.26397e-05	
3400.000000	0.589868  	3400.000000	0.660372  	3400.000000	0.619885  	3400.000000	0.608258  	3400.000000	0.660341  	3400.000000	3.08467e-05	
3600.000000	0.600726  	3600.000000	0.668144  	3600.000000	0.621338  	3600.000000	0.609733  	3600.000000	0.668114  	3600.000000	2.9246e-05	
3800.000000	0.612091  	3800.000000	0.676248  	3800.000000	0.622912  	3800.000000	0.611327  	3800.000000	0.67622   	3800.000000	2.7808e-05	
4000.000000	0.623911  	4000.000000	0.684634  	4000.000000	0.624572  	4000.000000	0.613005  	4000.000000	0.684607  	4000.000000	2.65089e-05	
4200.000000	0.636142  	4200.000000	0.693258  	4200.000000	0.626294  	4200.000000	0.614744  	4200.000000	0.693233  	4200.000000	2.53293e-05	
4400.000000	0.648748  	4400.000000	0.702086  	4400.000000	0.628056  	4400.000000	0.616523  	4400.000000	0.702062  	4400.000000	2.42532e-05	
4600.000000	0.6617    	4600.000000	0.71109   	4600.000000	0.629845  	4600.000000	0.618327  	4600.000000	0.711067  	4600.000000	2.32675e-05	
4800.000000	0.674972  	4800.000000	0.720246  	4800.000000	0.631647  	4800.000000	0.620146  	4800.000000	0.720224  	4800.000000	2.23612e-05	
5000.000000	0.688543  	5000.000000	0.729534  	5000.000000	0.633455  	5000.000000	0.621969  	5000.000000	0.729512  	5000.000000	2.15248e-05	
5250.000000	0.705901  	5250.000000	0.741303  	5250.000000	0.635711  	5250.000000	0.624244  	5250.000000	0.741283  	5250.000000	2.0566e-05	
5500.000000	0.723668  	5500.000000	0.753226  	5500.000000	0.637953  	5500.000000	0.626504  	5500.000000	0.753206  	5500.000000	1.96914e-05	
6000.000000	0.76034   	6000.000000	0.777442  	6000.000000	0.642369  	6000.000000	0.630954  	6000.000000	0.777424  	6000.000000	1.81537e-05	
6500.000000	0.798404  	6500.000000	0.802045  	6500.000000	0.646666  	6500.000000	0.635278  	6500.000000	0.802028  	6500.000000	1.68449e-05	
7000.000000	0.837752  	7000.000000	0.826935  	7000.000000	0.650825  	7000.000000	0.639458  	7000.000000	0.826919  	7000.000000	1.57171e-05	
7500.000000	0.878299  	7500.000000	0.852042  	7500.000000	0.654838  	7500.000000	0.643487  	7500.000000	0.852027  	7500.000000	1.47348e-05	
8000.000000	0.919987  	8000.000000	0.877314  	8000.000000	0.658666  	8000.000000	0.647364  	8000.000000	0.8773    	8000.000000	1.38713e-05	
8500.000000	0.962766  	8500.000000	0.90271   	8500.000000	0.662358  	8500.000000	0.651093  	8500.000000	0.902697  	8500.000000	1.31061e-05	
9000.000000	1.0066    	9000.000000	0.928201  	9000.000000	0.665936  	9000.000000	0.654677  	9000.000000	0.928189  	9000.000000	1.24232e-05	
9500.000000	1.05146   	9500.000000	0.953764  	9500.000000	0.669372  	9500.000000	0.658125  	9500.000000	0.953752  	9500.000000	1.18099e-05	
10000.000000	1.09732   	10000.000000	0.97938   	10000.000000	0.672662  	10000.000000	0.661443  	10000.000000	0.979369  	10000.000000	1.12559e-05	
11000.000000	1.19199   	11000.000000	1.03072   	11000.000000	0.67887   	11000.000000	0.667717  	11000.000000	1.03071   	11000.000000	1.02943e-05	
12000.000000	1.29048   	12000.000000	1.08213   	12000.000000	0.684654  	12000.000000	0.673553  	12000.000000	1.08212   	12000.000000	9.48807e-06	
13000.000000	1.39273   	13000.000000	1.13356   	13000.000000	0.690047  	13000.000000	0.679001  	13000.000000	1.13355   	13000.000000	8.80205e-06	
14000.000000	1.49868   	14000.000000	1.18498   	14000.000000	0.695082  	14000.000000	0.684102  	14000.000000	1.18497   	14000.000000	8.21102e-06	
15000.000000	1.60831   	15000.000000	1.23636   	15000.000000	0.699801  	15000.000000	0.688895  	15000.000000	1.23635   	15000.000000	7.69636e-06	
16000.000000	1.72159   	16000.000000	1.28768   	16000.000000	0.70424   	16000.000000	0.693411  	16000.000000	1.28767   	16000.000000	7.24405e-06	
17000.000000	1.83851   	17000.000000	1.33893   	17000.000000	0.708433  	17000.000000	0.697679  	17000.000000	1.33893   	17000.000000	6.84332e-06	
18000.000000	1.95907   	18000.000000	1.39012   	18000.000000	0.712406  	18000.000000	0.701724  	18000.000000	1.39011   	18000.000000	6.48574e-06	
19000.000000	2.08325   	19000.000000	1.44122   	19000.000000	0.71618   	19000.000000	0.705565  	19000.000000	1.44121   	19000.000000	6.16465e-06	
20000.000000	2.21107   	20000.000000	1.49224   	20000.000000	0.719774  	20000.000000	0.709222  	20000.000000	1.49224   	20000.000000	5.87467e-06	
21000.000000	2.34253   	21000.000000	1.54318   	21000.000000	0.723191  	21000.000000	0.712711  	21000.000000	1.54318   	21000.000000	5.61147e-06	
22000.000000	2.47764   	22000.000000	1.59404   	22000.000000	0.726426  	22000.000000	0.716046  	22000.000000	1.59403   	22000.000000	5.37145e-06	
23000.000000	2.6164    	23000.000000	1.64481   	23000.000000	0.729533  	23000.000000	0.719239  	23000.000000	1.6448    	23000.000000	5.15167e-06	
24000.000000	2.75883   	24000.000000	1.6955    	24000.000000	0.732512  	24000.000000	0.722301  	24000.000000	1.6955    	24000.000000	4.94964e-06	
25000.000000	2.90494   	25000.000000	1.74611   	25000.000000	0.73535   	25000.000000	0.725243  	25000.000000	1.7461    	25000.000000	4.76328e-06	
26000.000000	3.05475   	26000.000000	1.79664   	26000.000000	0.738074  	26000.000000	0.728073  	26000.000000	1.79663   	26000.000000	4.59082e-06	
27000.000000	3.20826   	27000.000000	1.84709   	27000.000000	0.740701  	27000.000000	0.730799  	27000.000000	1.84708   	27000.000000	4.43074e-06	
28000.000000	3.36549   	28000.000000	1.89746   	28000.000000	0.74323   	28000.000000	0.733428  	28000.000000	1.89745   	28000.000000	4.28175e-06	
29000.000000	3.52647   	29000.000000	1.94775   	29000.000000	0.745658  	29000.000000	0.735967  	29000.000000	1.94775   	29000.000000	4.14271e-06	
30000.000000	3.6912    	30000.000000	1.99797   	30000.000000	0.747994  	30000.000000	0.738422  	30000.000000	1.99797   	30000.000000	4.01267e-06	
32000.000000	4.03199   	32000.000000	2.09819   	32000.000000	0.752427  	32000.000000	0.743099  	32000.000000	2.09819   	32000.000000	3.77623e-06	
34000.000000	4.38802   	34000.000000	2.19813   	34000.000000	0.756584  	34000.000000	0.747495  	34000.000000	2.19813   	34000.000000	3.5668e-06	
36000.000000	4.75944   	36000.000000	2.29781   	36000.000000	0.760474  	36000.000000	0.751643  	36000.000000	2.29781   	36000.000000	3.37994e-06	
38000.000000	5.14639   	38000.000000	2.39723   	38000.000000	0.764118  	38000.000000	0.755568  	38000.000000	2.39722   	38000.000000	3.21218e-06	
40000.000000	5.54903   	40000.000000	2.4964    	40000.000000	0.767546  	40000.000000	0.759292  	40000.000000	2.4964    	40000.000000	3.0607e-06	
42000.000000	5.96754   	42000.000000	2.59534   	42000.000000	0.770787  	42000.000000	0.762835  	42000.000000	2.59533   	42000.000000	2.92322e-06	
44000.000000	6.40206   	44000.000000	2.69405   	44000.000000	0.773865  	44000.000000	0.766214  	44000.000000	2.69405   	44000.000000	2.79788e-06	
46000.000000	6.85278   	46000.000000	2.79255   	46000.000000	0.7768    	46000.000000	0.769442  	46000.000000	2.79254   	46000.000000	2.68311e-06	
48000.000000	7.31985   	48000.000000	2.89084   	48000.000000	0.779598  	48000.000000	0.772532  	48000.000000	2.89083   	48000.000000	2.57763e-06	
50000.000000	7.80345   	50000.000000	2.98893   	50000.000000	0.782254  	50000.000000	0.775495  	50000.000000	2.98892   	50000.000000	2.48033e-06	
