Energy (MeV/u)1	0 - [He-base] F.Hubert et al, AD&ND Tables 46(1990)1	Energy (MeV/u)2	1 - [H -base] J.F.Ziegler et al, Pergamon Press, NY (low energy)	Energy (MeV/u)3	2 - ATIMA 1.2  LS-theory (recommended for high energy)	Energy (MeV/u)4	3 - ATIMA 1.2  without LS-correction	Energy (MeV/u)5	4 - electrical component of [1] - J.F.Ziegler et al	Energy (MeV/u)6	5 - nuclear component of [1] - J.F.Ziegler et al	
0.001000	5.19152   	0.001000	6.68688   	0.001000	6.93851   	0.001000	6.93851   	0.001000	2.19186   	0.001000	4.49503   	
0.002000	5.26705   	0.002000	6.72668   	0.002000	7.10683   	0.002000	7.10683   	0.002000	2.84249   	0.002000	3.88419   	
0.005000	5.54      	0.005000	6.77832   	0.005000	7.4341    	0.005000	7.4341    	0.005000	4.00799   	0.005000	2.77033   	
0.008000	5.8855    	0.008000	6.97996   	0.008000	7.84645   	0.008000	7.84645   	0.008000	4.78048   	0.008000	2.19948   	
0.010000	6.11717   	0.010000	7.14604   	0.010000	8.13474   	0.010000	8.13474   	0.010000	5.19772   	0.010000	1.94833   	
0.015000	6.97536   	0.015000	7.74048   	0.015000	8.85061   	0.015000	8.85061   	0.015000	6.20364   	0.015000	1.53684   	
0.020000	7.78541   	0.020000	8.49054   	0.020000	9.70407   	0.020000	9.70407   	0.020000	7.20699   	0.020000	1.28355   	
0.025000	8.73704   	0.025000	9.42946   	0.025000	10.6087   	0.025000	10.6087   	0.025000	8.31988   	0.025000	1.10958   	
0.030000	9.60653   	0.030000	10.3815   	0.030000	11.6173   	0.030000	11.6173   	0.030000	9.39982   	0.030000	0.981647  	
0.035000	10.3709   	0.035000	11.3291   	0.035000	12.6191   	0.035000	12.6191   	0.035000	10.446    	0.035000	0.883043  	
0.040000	11.0285   	0.040000	12.2569   	0.040000	13.6003   	0.040000	13.6003   	0.040000	11.4567   	0.040000	0.800154  	
0.045000	11.5652   	0.045000	13.1661   	0.045000	14.5632   	0.045000	14.5632   	0.045000	12.4299   	0.045000	0.73621   	
0.050000	11.9305   	0.050000	13.9925   	0.050000	15.4961   	0.050000	15.4961   	0.050000	13.3126   	0.050000	0.679909  	
0.055000	12.5585   	0.055000	14.8874   	0.055000	16.4015   	0.055000	16.4015   	0.055000	14.2527   	0.055000	0.634676  	
0.060000	13.1185   	0.060000	15.7599   	0.060000	17.2743   	0.060000	17.2743   	0.060000	15.1642   	0.060000	0.595659  	
0.070000	14.045    	0.070000	17.4279   	0.070000	18.9164   	0.070000	18.9164   	0.070000	16.8962   	0.070000	0.53163   	
0.080000	15.0389   	0.080000	18.9634   	0.080000	20.4169   	0.080000	20.4169   	0.080000	18.4822   	0.080000	0.481143  	
0.090000	15.8709   	0.090000	20.3756   	0.090000	21.7763   	0.090000	21.7763   	0.090000	19.9354   	0.090000	0.440202  	
0.100000	16.5766   	0.100000	21.6624   	0.100000	22.999    	0.100000	22.999    	0.100000	21.2561   	0.100000	0.40626   	
0.120000	17.3163   	0.120000	23.9172   	0.120000	25.0652   	0.120000	25.0652   	0.120000	23.5641   	0.120000	0.353084  	
0.140000	17.8673   	0.140000	25.7308   	0.140000	26.6886   	0.140000	26.6886   	0.140000	25.4176   	0.140000	0.313176  	
0.160000	18.3538   	0.160000	27.1665   	0.160000	27.9481   	0.160000	27.9481   	0.160000	26.8845   	0.160000	0.282013  	
0.180000	18.8331   	0.180000	28.2929   	0.180000	28.9168   	0.180000	28.9168   	0.180000	28.036    	0.180000	0.256937  	
0.200000	19.3272   	0.200000	29.1743   	0.200000	29.6581   	0.200000	29.6581   	0.200000	28.938    	0.200000	0.236283  	
0.250000	20.2666   	0.250000	30.8825   	0.250000	30.8312   	0.250000	30.8312   	0.250000	30.6849   	0.250000	0.197565  	
0.300000	21.3918   	0.300000	32.2631   	0.300000	31.4328   	0.300000	31.4328   	0.300000	32.0926   	0.300000	0.170451  	
0.350000	22.3298   	0.350000	33.1205   	0.350000	31.7522   	0.350000	31.7522   	0.350000	32.9701   	0.350000	0.150314  	
0.400000	23.0995   	0.400000	33.7008   	0.400000	32.1448   	0.400000	32.1448   	0.400000	33.5661   	0.400000	0.134718  	
0.450000	23.9494   	0.450000	34.4531   	0.450000	33.2973   	0.450000	33.2973   	0.450000	34.3308   	0.450000	0.122253  	
0.500000	24.6914   	0.500000	35.1553   	0.500000	34.2161   	0.500000	34.2161   	0.500000	35.0433   	0.500000	0.112043  	
0.600000	24.8949   	0.600000	35.3207   	0.600000	34.954    	0.600000	34.954    	0.600000	35.2244   	0.600000	0.0962763 	
0.700000	24.6287   	0.700000	35.1979   	0.700000	34.9768   	0.700000	34.9768   	0.700000	35.1133   	0.700000	0.0846291 	
0.800000	24.5814   	0.800000	34.3074   	0.800000	34.8731   	0.800000	34.8731   	0.800000	34.2318   	0.800000	0.0756471 	
0.900000	24.4292   	0.900000	33.4339   	0.900000	34.6814   	0.900000	34.6814   	0.900000	33.3654   	0.900000	0.0684938 	
1.000000	24.234    	1.000000	32.6217   	1.000000	34.4263   	1.000000	34.4263   	1.000000	32.5591   	1.000000	0.0626522 	
1.250000	23.5598   	1.250000	31.5966   	1.250000	33.5272   	1.250000	33.5272   	1.250000	31.5447   	1.250000	0.0518294 	
1.500000	22.7826   	1.500000	30.6333   	1.500000	32.2939   	1.500000	32.2939   	1.500000	30.5889   	1.500000	0.0443539 	
1.750000	22.0707   	1.750000	29.8421   	1.750000	31.1561   	1.750000	31.1561   	1.750000	29.8033   	1.750000	0.0388603 	
2.000000	21.3658   	2.000000	29.0957   	2.000000	30.0956   	2.000000	30.0956   	2.000000	29.0611   	2.000000	0.0346414 	
2.250000	20.6869   	2.250000	28.1569   	2.250000	29.1032   	2.250000	29.1032   	2.250000	28.1256   	2.250000	0.0312931 	
2.500000	22.9346   	2.500000	27.2618   	2.500000	28.1726   	2.500000	28.1726   	2.500000	27.2332   	2.500000	0.0285669 	
3.000000	21.3099   	3.000000	25.5485   	3.000000	26.4766   	3.000000	26.4766   	3.000000	25.5241   	3.000000	0.0243871 	
3.500000	19.8785   	3.500000	24.0534   	3.500000	24.9729   	3.500000	24.9729   	3.500000	24.0321   	3.500000	0.0213246 	
4.000000	18.622    	4.000000	22.7633   	4.000000	23.6326   	4.000000	23.6326   	4.000000	22.7443   	4.000000	0.0189783 	
4.500000	17.5162   	4.500000	21.6003   	4.500000	22.4312   	4.500000	22.4312   	4.500000	21.5832   	4.500000	0.01712   	
5.000000	16.5381   	5.000000	20.5441   	5.000000	21.3488   	5.000000	21.3488   	5.000000	20.5285   	5.000000	0.0156096 	
5.500000	15.6681   	5.500000	19.6039   	5.500000	20.3687   	5.500000	20.3687   	5.500000	19.5896   	5.500000	0.0143563 	
6.000000	14.8897   	6.000000	18.7455   	6.000000	19.477    	6.000000	19.477    	6.000000	18.7322   	6.000000	0.0132987 	
6.500000	14.1895   	6.500000	17.9593   	6.500000	18.6623   	6.500000	18.6623   	6.500000	17.9469   	6.500000	0.0123935 	
7.000000	13.5564   	7.000000	17.2368   	7.000000	17.9148   	7.000000	17.9148   	7.000000	17.2252   	7.000000	0.0116095 	
7.500000	12.9812   	7.500000	16.5708   	7.500000	17.2267   	7.500000	17.2267   	7.500000	16.5599   	7.500000	0.0109235 	
8.000000	12.4562   	8.000000	15.9551   	8.000000	16.5909   	8.000000	16.5909   	8.000000	15.9447   	8.000000	0.010318  	
8.500000	11.9751   	8.500000	15.3841   	8.500000	16.0016   	8.500000	16.0016   	8.500000	15.3743   	8.500000	0.00977928	
9.000000	11.5327   	9.000000	14.8533   	9.000000	15.454    	9.000000	15.454    	9.000000	14.844    	9.000000	0.00929673	
9.500000	11.1243   	9.500000	14.3585   	9.500000	14.9435   	9.500000	14.9435   	9.500000	14.3497   	9.500000	0.00886188	
10.000000	10.7462   	10.000000	14.0905   	10.000000	14.4666   	10.000000	14.4666   	10.000000	14.082    	10.000000	0.00846785	
11.000000	10.0679   	11.000000	13.3009   	11.000000	13.5593   	11.000000	13.6168   	11.000000	13.2931   	11.000000	0.00778093	
12.000000	9.47681   	12.000000	12.5965   	12.000000	12.7633   	12.000000	12.8638   	12.000000	12.5892   	12.000000	0.00720188	
13.000000	8.95679   	13.000000	11.9647   	13.000000	12.0598   	13.000000	12.1922   	13.000000	11.958    	13.000000	0.00670679	
14.000000	8.49559   	14.000000	11.3952   	14.000000	11.4336   	14.000000	11.5897   	14.000000	11.389    	14.000000	0.00627837	
15.000000	8.08362   	15.000000	10.8795   	15.000000	10.8729   	15.000000	11.0464   	15.000000	10.8735   	15.000000	0.00590381	
16.000000	7.71328   	16.000000	10.4102   	16.000000	10.3679   	16.000000	10.5542   	16.000000	10.4046   	16.000000	0.0055734 	
17.000000	7.37846   	17.000000	9.98159   	17.000000	9.91076   	17.000000	10.1064   	17.000000	9.97631   	17.000000	0.00527967	
18.000000	7.0742    	18.000000	9.58856   	18.000000	9.49528   	18.000000	9.69733   	18.000000	9.58354   	18.000000	0.00501673	
19.000000	6.79643   	19.000000	9.22691   	19.000000	9.11637   	19.000000	9.32246   	19.000000	9.22213   	19.000000	0.00477991	
20.000000	6.54179   	20.000000	8.89305   	20.000000	8.76972   	20.000000	8.97779   	20.000000	8.88848   	20.000000	0.00456545	
21.000000	6.30745   	21.000000	8.58391   	21.000000	8.45138   	21.000000	8.65999   	21.000000	8.57954   	21.000000	0.00437027	
22.000000	6.09103   	22.000000	8.29685   	22.000000	8.15784   	22.000000	8.36616   	22.000000	8.29266   	22.000000	0.00419185	
23.000000	5.89053   	23.000000	8.02961   	23.000000	7.88646   	23.000000	8.09385   	23.000000	8.02558   	23.000000	0.00402809	
24.000000	5.70421   	24.000000	7.78021   	24.000000	7.63514   	24.000000	7.8409    	24.000000	7.77633   	24.000000	0.00387721	
25.000000	5.53061   	25.000000	7.54691   	25.000000	7.40205   	25.000000	7.60545   	25.000000	7.54318   	25.000000	0.00373774	
27.000000	5.21657   	27.000000	7.12281   	27.000000	6.98397   	27.000000	7.18072   	27.000000	7.11932   	27.000000	0.00348814	
29.000000	4.94003   	29.000000	6.74727   	29.000000	6.61973   	29.000000	6.80881   	29.000000	6.74399   	29.000000	0.00327115	
31.000000	4.69456   	31.000000	6.4124    	31.000000	6.2984    	31.000000	6.47137   	31.000000	6.40932   	31.000000	0.00308069	
33.000000	4.4751    	33.000000	6.11195   	33.000000	6.00985   	33.000000	6.16097   	33.000000	6.10904   	33.000000	0.0029121 	
35.000000	4.27768   	35.000000	5.84088   	35.000000	5.74996   	35.000000	5.88171   	35.000000	5.83812   	35.000000	0.00276178	
38.000000	4.01597   	38.000000	5.48057   	38.000000	5.40273   	38.000000	5.51163   	38.000000	5.478     	38.000000	0.00256445	
41.000000	3.78829   	41.000000	5.16634   	41.000000	5.09959   	41.000000	5.1899    	41.000000	5.16394   	41.000000	0.00239453	
44.000000	3.5883    	44.000000	4.88988   	44.000000	4.83211   	44.000000	4.90758   	44.000000	4.88763   	44.000000	0.00224662	
47.000000	3.41115   	47.000000	4.64476   	47.000000	4.59469   	47.000000	4.65782   	47.000000	4.64265   	47.000000	0.00211664	
50.000000	3.25309   	50.000000	4.42594   	50.000000	4.38275   	50.000000	4.43528   	50.000000	4.42394   	50.000000	0.00200148	
55.000000	3.02422   	55.000000	4.1091    	55.000000	4.07421   	55.000000	4.11372   	55.000000	4.10727   	55.000000	0.00183611	
60.000000	2.82992   	60.000000	3.84028   	60.000000	3.81268   	60.000000	3.84147   	60.000000	3.83858   	60.000000	0.00169697	
65.000000	2.66277   	65.000000	3.60931   	65.000000	3.58691   	65.000000	3.60794   	65.000000	3.60773   	65.000000	0.00157821	
70.000000	2.51736   	70.000000	3.4087    	70.000000	3.39058   	70.000000	3.40538   	70.000000	3.40722   	70.000000	0.00147561	
75.000000	2.38964   	75.000000	3.23281   	75.000000	3.21822   	75.000000	3.22798   	75.000000	3.23143   	75.000000	0.00138604	
80.000000	2.27649   	80.000000	3.07734   	80.000000	3.06586   	80.000000	3.07129   	80.000000	3.07603   	80.000000	0.00130713	
85.000000	2.17553   	85.000000	2.9389    	85.000000	2.92978   	85.000000	2.93187   	85.000000	2.93766   	85.000000	0.00123706	
90.000000	2.08483   	90.000000	2.81483   	90.000000	2.80745   	90.000000	2.807     	90.000000	2.81365   	90.000000	0.00117441	
95.000000	2.00288   	95.000000	2.703     	95.000000	2.69717   	95.000000	2.69449   	95.000000	2.70188   	95.000000	0.00111804	
100.000000	1.92845   	100.000000	2.60167   	100.000000	2.59722   	100.000000	2.5926    	100.000000	2.6006    	100.000000	0.00106705	
105.000000	1.86052   	105.000000	2.50942   	105.000000	2.50623   	105.000000	2.49987   	105.000000	2.5084    	105.000000	0.00102068	
110.000000	1.79827   	110.000000	2.42508   	110.000000	2.4228    	110.000000	2.41511   	110.000000	2.4241    	110.000000	0.000978331	
115.000000	1.74098   	115.000000	2.34767   	115.000000	2.34615   	115.000000	2.33734   	115.000000	2.34673   	115.000000	0.000939493	
120.000000	1.68808   	120.000000	2.27637   	120.000000	2.27555   	120.000000	2.26573   	120.000000	2.27546   	120.000000	0.00090374	
125.000000	1.63907   	125.000000	2.21047   	125.000000	2.21031   	125.000000	2.19956   	125.000000	2.2096    	125.000000	0.000870714	
130.000000	1.59353   	130.000000	2.14939   	130.000000	2.14981   	130.000000	2.13824   	130.000000	2.14855   	130.000000	0.000840111	
135.000000	1.55109   	135.000000	2.09261   	135.000000	2.09337   	135.000000	2.08124   	135.000000	2.09179   	135.000000	0.00081167	
140.000000	1.51144   	140.000000	2.03968   	140.000000	2.04088   	140.000000	2.02814   	140.000000	2.0389    	140.000000	0.000785167	
145.000000	1.4743    	145.000000	1.99024   	145.000000	1.99189   	145.000000	1.97853   	145.000000	1.98948   	145.000000	0.000760407	
150.000000	1.43944   	150.000000	1.94394   	150.000000	1.94586   	150.000000	1.93209   	150.000000	1.94321   	150.000000	0.000737222	
155.000000	1.39023   	155.000000	1.9005    	155.000000	1.90265   	155.000000	1.88852   	155.000000	1.89978   	155.000000	0.000715465	
160.000000	1.36144   	160.000000	1.85965   	160.000000	1.86206   	160.000000	1.84757   	160.000000	1.85896   	160.000000	0.000695004	
165.000000	1.33429   	165.000000	1.82117   	165.000000	1.82382   	165.000000	1.809     	165.000000	1.8205    	165.000000	0.000675728	
170.000000	1.30862   	170.000000	1.78487   	170.000000	1.78763   	170.000000	1.77261   	170.000000	1.78421   	170.000000	0.000657533	
175.000000	1.28433   	175.000000	1.75055   	175.000000	1.75339   	175.000000	1.73823   	175.000000	1.74991   	175.000000	0.000640331	
180.000000	1.26129   	180.000000	1.71806   	180.000000	1.72109   	180.000000	1.70569   	180.000000	1.71744   	180.000000	0.000624041	
185.000000	1.23943   	185.000000	1.68727   	185.000000	1.69047   	185.000000	1.67485   	185.000000	1.68666   	185.000000	0.000608592	
190.000000	1.21864   	190.000000	1.65803   	190.000000	1.66131   	190.000000	1.64558   	190.000000	1.65744   	190.000000	0.000593919	
195.000000	1.19885   	195.000000	1.63024   	195.000000	1.63356   	195.000000	1.61776   	195.000000	1.62966   	195.000000	0.000579965	
200.000000	1.17999   	200.000000	1.60378   	200.000000	1.60717   	200.000000	1.59128   	200.000000	1.60322   	200.000000	0.000566676	
210.000000	1.14481   	210.000000	1.55453   	210.000000	1.55822   	210.000000	1.54202   	210.000000	1.55399   	210.000000	0.000541914	
220.000000	1.11263   	220.000000	1.50961   	220.000000	1.51347   	220.000000	1.49711   	220.000000	1.50909   	220.000000	0.000519305	
230.000000	1.0831    	230.000000	1.46848   	230.000000	1.47248   	230.000000	1.45601   	230.000000	1.46798   	230.000000	0.000498575	
240.000000	1.05589   	240.000000	1.43068   	240.000000	1.43477   	240.000000	1.41826   	240.000000	1.4302    	240.000000	0.000479497	
250.000000	1.03075   	250.000000	1.39582   	250.000000	1.39997   	250.000000	1.38348   	250.000000	1.39536   	250.000000	0.000461879	
260.000000	1.00743   	260.000000	1.36358   	260.000000	1.36784   	260.000000	1.35132   	260.000000	1.36313   	260.000000	0.000445558	
270.000000	0.985759  	270.000000	1.33367   	270.000000	1.3381    	270.000000	1.32151   	270.000000	1.33324   	270.000000	0.000430393	
280.000000	0.96556   	280.000000	1.30585   	280.000000	1.31043   	280.000000	1.2938    	280.000000	1.30544   	280.000000	0.000416264	
290.000000	0.946689  	290.000000	1.27992   	290.000000	1.28454   	290.000000	1.26799   	290.000000	1.27952   	290.000000	0.000403068	
300.000000	0.92902   	300.000000	1.25569   	300.000000	1.26043   	300.000000	1.24389   	300.000000	1.2553    	300.000000	0.000390713	
310.000000	0.912443  	310.000000	1.233     	310.000000	1.23789   	310.000000	1.22133   	310.000000	1.23262   	310.000000	0.000379121	
320.000000	0.896859  	320.000000	1.21171   	320.000000	1.21666   	320.000000	1.20018   	320.000000	1.21134   	320.000000	0.000368223	
330.000000	0.882184  	330.000000	1.19169   	330.000000	1.19678   	330.000000	1.18031   	330.000000	1.19134   	330.000000	0.000357956	
340.000000	0.868341  	340.000000	1.17285   	340.000000	1.1781    	340.000000	1.16162   	340.000000	1.1725    	340.000000	0.000348268	
350.000000	0.855263  	350.000000	1.15508   	350.000000	1.16042   	350.000000	1.144     	350.000000	1.15474   	350.000000	0.00033911	
360.000000	0.842888  	360.000000	1.13829   	360.000000	1.14371   	360.000000	1.12736   	360.000000	1.13796   	360.000000	0.000330439	
370.000000	0.831163  	370.000000	1.12241   	370.000000	1.12784   	370.000000	1.11155   	370.000000	1.12209   	370.000000	0.000322216	
380.000000	0.820038  	380.000000	1.10737   	380.000000	1.11279   	380.000000	1.09657   	380.000000	1.10705   	380.000000	0.000314408	
390.000000	0.809471  	390.000000	1.0931    	390.000000	1.09854   	390.000000	1.08238   	390.000000	1.09279   	390.000000	0.000306984	
400.000000	0.799421  	400.000000	1.07955   	400.000000	1.08507   	400.000000	1.06891   	400.000000	1.07925   	400.000000	0.000299915	
410.000000	0.789852  	410.000000	1.06667   	410.000000	1.07227   	410.000000	1.05611   	410.000000	1.06638   	410.000000	0.000293176	
420.000000	0.780732  	420.000000	1.05441   	420.000000	1.06006   	420.000000	1.04393   	420.000000	1.05413   	420.000000	0.000286744	
430.000000	0.772031  	430.000000	1.04273   	430.000000	1.0484    	430.000000	1.03234   	430.000000	1.04245   	430.000000	0.000280599	
440.000000	0.763721  	440.000000	1.0316    	440.000000	1.0373    	440.000000	1.02129   	440.000000	1.03132   	440.000000	0.000274722	
450.000000	0.755779  	450.000000	1.02096   	450.000000	1.0267    	450.000000	1.01075   	450.000000	1.0207    	450.000000	0.000269095	
460.000000	0.748181  	460.000000	1.01081   	460.000000	1.01659   	460.000000	1.00068   	460.000000	1.01054   	460.000000	0.000263702	
470.000000	0.740907  	470.000000	1.00109   	470.000000	1.00692   	470.000000	0.991058  	470.000000	1.00084   	470.000000	0.000258529	
480.000000	0.733937  	480.000000	0.991798  	480.000000	0.99767   	480.000000	0.981855  	480.000000	0.991545  	480.000000	0.000253562	
490.000000	0.727253  	490.000000	0.982896  	490.000000	0.988814  	490.000000	0.973044  	490.000000	0.982647  	490.000000	0.00024879	
500.000000	0.72084   	500.000000	0.974363  	500.000000	0.98033   	500.000000	0.964604  	500.000000	0.974119  	500.000000	0.000244201	
520.000000	0.708766  	520.000000	0.958325  	520.000000	0.964389  	520.000000	0.948748  	520.000000	0.958089  	520.000000	0.00023553	
540.000000	0.697606  	540.000000	0.943532  	540.000000	0.949696  	540.000000	0.934134  	540.000000	0.943305  	540.000000	0.000227475	
560.000000	0.687267  	560.000000	0.929855  	560.000000	0.936117  	560.000000	0.920632  	560.000000	0.929635  	560.000000	0.000219972	
580.000000	0.677669  	580.000000	0.917182  	580.000000	0.923541  	580.000000	0.908126  	580.000000	0.916969  	580.000000	0.000212966	
600.000000	0.668741  	600.000000	0.905415  	600.000000	0.911863  	600.000000	0.89652   	600.000000	0.905208  	600.000000	0.000206407	
620.000000	0.660423  	620.000000	0.894467  	620.000000	0.901005  	620.000000	0.885725  	620.000000	0.894267  	620.000000	0.000200255	
640.000000	0.652659  	640.000000	0.884266  	640.000000	0.890895  	640.000000	0.875667  	640.000000	0.884072  	640.000000	0.000194472	
660.000000	0.645402  	660.000000	0.874744  	660.000000	0.881434  	660.000000	0.866279  	660.000000	0.874555  	660.000000	0.000189025	
680.000000	0.63861   	680.000000	0.865843  	680.000000	0.872551  	680.000000	0.857502  	680.000000	0.865659  	680.000000	0.000183885	
700.000000	0.632245  	700.000000	0.857511  	700.000000	0.864243  	700.000000	0.849284  	700.000000	0.857332  	700.000000	0.000179027	
720.000000	0.626273  	720.000000	0.849703  	720.000000	0.856483  	720.000000	0.841577  	720.000000	0.849528  	720.000000	0.000174429	
740.000000	0.620664  	740.000000	0.842375  	740.000000	0.849207  	740.000000	0.834341  	740.000000	0.842205  	740.000000	0.000170068	
760.000000	0.615392  	760.000000	0.835493  	760.000000	0.842358  	760.000000	0.827538  	760.000000	0.835327  	760.000000	0.000165929	
780.000000	0.610431  	780.000000	0.829021  	780.000000	0.835909  	780.000000	0.821134  	780.000000	0.828859  	780.000000	0.000161993	
800.000000	0.605759  	800.000000	0.822931  	800.000000	0.829838  	800.000000	0.8151    	800.000000	0.822773  	800.000000	0.000158245	
820.000000	0.601357  	820.000000	0.817194  	820.000000	0.824108  	820.000000	0.809408  	820.000000	0.81704   	820.000000	0.000154674	
840.000000	0.597206  	840.000000	0.811787  	840.000000	0.818683  	840.000000	0.804032  	840.000000	0.811636  	840.000000	0.000151266	
860.000000	0.59329   	860.000000	0.806686  	860.000000	0.813537  	860.000000	0.798952  	860.000000	0.806538  	860.000000	0.00014801	
880.000000	0.589594  	880.000000	0.801872  	880.000000	0.808664  	880.000000	0.794145  	880.000000	0.801727  	880.000000	0.000144896	
900.000000	0.586104  	900.000000	0.797325  	900.000000	0.804059  	900.000000	0.789595  	900.000000	0.797183  	900.000000	0.000141915	
920.000000	0.582807  	920.000000	0.793029  	920.000000	0.799709  	920.000000	0.785283  	920.000000	0.79289   	920.000000	0.000139058	
940.000000	0.579691  	940.000000	0.788968  	940.000000	0.795592  	940.000000	0.781194  	940.000000	0.788832  	940.000000	0.000136318	
960.000000	0.576747  	960.000000	0.785127  	960.000000	0.791689  	960.000000	0.777313  	960.000000	0.784994  	960.000000	0.000133688	
980.000000	0.573963  	980.000000	0.781494  	980.000000	0.787982  	980.000000	0.773628  	980.000000	0.781363  	980.000000	0.000131161	
1000.000000	0.571332  	1000.000000	0.778056  	1000.000000	0.784455  	1000.000000	0.770127  	1000.000000	0.777927  	1000.000000	0.000128731	
1020.000000	0.568844  	1020.000000	0.774802  	1020.000000	0.781095  	1020.000000	0.766798  	1020.000000	0.774676  	1020.000000	0.000126393	
1040.000000	0.566492  	1040.000000	0.771722  	1040.000000	0.777889  	1040.000000	0.763631  	1040.000000	0.771598  	1040.000000	0.000124141	
1060.000000	0.564268  	1060.000000	0.768805  	1060.000000	0.77483   	1060.000000	0.760617  	1060.000000	0.768683  	1060.000000	0.00012197	
1080.000000	0.562167  	1080.000000	0.766044  	1080.000000	0.771914  	1080.000000	0.757746  	1080.000000	0.765924  	1080.000000	0.000119877	
1100.000000	0.560181  	1100.000000	0.763429  	1100.000000	0.769138  	1100.000000	0.755011  	1100.000000	0.763311  	1100.000000	0.000117857	
1120.000000	0.558305  	1120.000000	0.760953  	1120.000000	0.766497  	1120.000000	0.752403  	1120.000000	0.760838  	1120.000000	0.000115906	
1140.000000	0.556533  	1140.000000	0.75861   	1140.000000	0.763984  	1140.000000	0.749917  	1140.000000	0.758496  	1140.000000	0.000114021	
1160.000000	0.554861  	1160.000000	0.756391  	1160.000000	0.761591  	1160.000000	0.747545  	1160.000000	0.756279  	1160.000000	0.000112199	
1180.000000	0.553283  	1180.000000	0.754291  	1180.000000	0.75931   	1180.000000	0.745281  	1180.000000	0.754181  	1180.000000	0.000110436	
1200.000000	0.551796  	1200.000000	0.752305  	1200.000000	0.757134  	1200.000000	0.743119  	1200.000000	0.752196  	1200.000000	0.000108729	
1220.000000	0.550395  	1220.000000	0.750426  	1220.000000	0.755056  	1220.000000	0.741055  	1220.000000	0.750319  	1220.000000	0.000107076	
1240.000000	0.549076  	1240.000000	0.748649  	1240.000000	0.75307   	1240.000000	0.739083  	1240.000000	0.748544  	1240.000000	0.000105475	
1260.000000	0.547835  	1260.000000	0.746971  	1260.000000	0.751169  	1260.000000	0.737198  	1260.000000	0.746867  	1260.000000	0.000103922	
1280.000000	0.54667   	1280.000000	0.745385  	1280.000000	0.74935   	1280.000000	0.735397  	1280.000000	0.745283  	1280.000000	0.000102416	
1300.000000	0.545576  	1300.000000	0.743889  	1300.000000	0.747608  	1300.000000	0.733675  	1300.000000	0.743788  	1300.000000	0.000100954	
1320.000000	0.544552  	1320.000000	0.742477  	1320.000000	0.745937  	1320.000000	0.732027  	1320.000000	0.742378  	1320.000000	9.95354e-05	
1340.000000	0.543593  	1340.000000	0.741147  	1340.000000	0.744334  	1340.000000	0.730452  	1340.000000	0.741049  	1340.000000	9.81572e-05	
1360.000000	0.542698  	1360.000000	0.739894  	1360.000000	0.742799  	1360.000000	0.728944  	1360.000000	0.739798  	1360.000000	9.68179e-05	
1380.000000	0.541863  	1380.000000	0.738716  	1380.000000	0.741329  	1380.000000	0.727502  	1380.000000	0.738621  	1380.000000	9.55159e-05	
1400.000000	0.541087  	1400.000000	0.73761   	1400.000000	0.739922  	1400.000000	0.726121  	1400.000000	0.737515  	1400.000000	9.42497e-05	
1420.000000	0.540366  	1420.000000	0.736571  	1420.000000	0.738577  	1420.000000	0.7248    	1420.000000	0.736478  	1420.000000	9.30178e-05	
1440.000000	0.5397    	1440.000000	0.735598  	1440.000000	0.737291  	1440.000000	0.723535  	1440.000000	0.735506  	1440.000000	9.18188e-05	
1460.000000	0.539085  	1460.000000	0.734688  	1460.000000	0.736064  	1460.000000	0.722323  	1460.000000	0.734597  	1460.000000	9.06514e-05	
1480.000000	0.538521  	1480.000000	0.733838  	1480.000000	0.734891  	1480.000000	0.721164  	1480.000000	0.733749  	1480.000000	8.95143e-05	
1500.000000	0.538004  	1500.000000	0.733047  	1500.000000	0.73377   	1500.000000	0.720054  	1500.000000	0.732958  	1500.000000	8.84064e-05	
1520.000000	0.537534  	1520.000000	0.73231   	1520.000000	0.732697  	1520.000000	0.71899   	1520.000000	0.732223  	1520.000000	8.73265e-05	
1540.000000	0.537108  	1540.000000	0.731628  	1540.000000	0.731669  	1540.000000	0.717972  	1540.000000	0.731542  	1540.000000	8.62736e-05	
1560.000000	0.536725  	1560.000000	0.730997  	1560.000000	0.730684  	1560.000000	0.716997  	1560.000000	0.730912  	1560.000000	8.52466e-05	
1580.000000	0.536384  	1580.000000	0.730416  	1580.000000	0.729739  	1580.000000	0.716064  	1580.000000	0.730331  	1580.000000	8.42447e-05	
1600.000000	0.536083  	1600.000000	0.729882  	1600.000000	0.728831  	1600.000000	0.71517   	1600.000000	0.729799  	1600.000000	8.32668e-05	
1620.000000	0.535821  	1620.000000	0.729394  	1620.000000	0.72796   	1620.000000	0.714314  	1620.000000	0.729312  	1620.000000	8.23122e-05	
1640.000000	0.535596  	1640.000000	0.728951  	1640.000000	0.727124  	1640.000000	0.713494  	1640.000000	0.72887   	1640.000000	8.138e-05 	
1660.000000	0.535407  	1660.000000	0.72855   	1660.000000	0.726322  	1660.000000	0.71271   	1660.000000	0.72847   	1660.000000	8.04693e-05	
1680.000000	0.535254  	1680.000000	0.728191  	1680.000000	0.725553  	1680.000000	0.711958  	1680.000000	0.728111  	1680.000000	7.95796e-05	
1700.000000	0.535134  	1700.000000	0.727872  	1700.000000	0.724816  	1700.000000	0.71124   	1700.000000	0.727793  	1700.000000	7.87099e-05	
1750.000000	0.534977  	1750.000000	0.727238  	1750.000000	0.72311   	1750.000000	0.709575  	1750.000000	0.727161  	1750.000000	7.66195e-05	
1800.000000	0.535009  	1800.000000	0.726825  	1800.000000	0.721588  	1800.000000	0.708086  	1800.000000	0.72675   	1800.000000	7.46409e-05	
1850.000000	0.535217  	1850.000000	0.726615  	1850.000000	0.720235  	1850.000000	0.706756  	1850.000000	0.726542  	1850.000000	7.27653e-05	
1900.000000	0.535588  	1900.000000	0.726592  	1900.000000	0.719032  	1900.000000	0.705571  	1900.000000	0.726521  	1900.000000	7.09847e-05	
1950.000000	0.536112  	1950.000000	0.726741  	1950.000000	0.717964  	1950.000000	0.704517  	1950.000000	0.726672  	1950.000000	6.9292e-05	
2000.000000	0.536777  	2000.000000	0.72705   	2000.000000	0.717015  	2000.000000	0.703584  	2000.000000	0.726982  	2000.000000	6.76808e-05	
2100.000000	0.538496  	2100.000000	0.728101  	2100.000000	0.715429  	2100.000000	0.702037  	2100.000000	0.728037  	2100.000000	6.46801e-05	
2200.000000	0.540681  	2200.000000	0.729665  	2200.000000	0.714204  	2200.000000	0.700859  	2200.000000	0.729603  	2200.000000	6.19424e-05	
2300.000000	0.543278  	2300.000000	0.731675  	2300.000000	0.713291  	2300.000000	0.699992  	2300.000000	0.731615  	2300.000000	5.94341e-05	
2400.000000	0.546243  	2400.000000	0.734074  	2400.000000	0.712648  	2400.000000	0.699389  	2400.000000	0.734017  	2400.000000	5.71273e-05	
2500.000000	0.549537  	2500.000000	0.736816  	2500.000000	0.712238  	2500.000000	0.699009  	2500.000000	0.736761  	2500.000000	5.49984e-05	
2600.000000	0.553128  	2600.000000	0.739862  	2600.000000	0.712024  	2600.000000	0.698821  	2600.000000	0.739809  	2600.000000	5.30274e-05	
2700.000000	0.556988  	2700.000000	0.743176  	2700.000000	0.711978  	2700.000000	0.698797  	2700.000000	0.743125  	2700.000000	5.11971e-05	
2800.000000	0.561093  	2800.000000	0.74673   	2800.000000	0.712075  	2800.000000	0.698913  	2800.000000	0.74668   	2800.000000	4.94929e-05	
2900.000000	0.565422  	2900.000000	0.750498  	2900.000000	0.712294  	2900.000000	0.69915   	2900.000000	0.75045   	2900.000000	4.7902e-05	
3000.000000	0.569958  	3000.000000	0.754459  	3000.000000	0.712619  	3000.000000	0.699491  	3000.000000	0.754413  	3000.000000	4.64134e-05	
3200.000000	0.579585  	3200.000000	0.762885  	3200.000000	0.713528  	3200.000000	0.70043   	3200.000000	0.762842  	3200.000000	4.37055e-05	
3400.000000	0.589868  	3400.000000	0.771883  	3400.000000	0.714709  	3400.000000	0.701639  	3400.000000	0.771841  	3400.000000	4.13051e-05	
3600.000000	0.600726  	3600.000000	0.781352  	3600.000000	0.716093  	3600.000000	0.703048  	3600.000000	0.781313  	3600.000000	3.91623e-05	
3800.000000	0.612091  	3800.000000	0.791217  	3800.000000	0.71763   	3800.000000	0.704606  	3800.000000	0.79118   	3800.000000	3.72372e-05	
4000.000000	0.623911  	4000.000000	0.801415  	4000.000000	0.719278  	4000.000000	0.706275  	4000.000000	0.80138   	4000.000000	3.5498e-05	
4200.000000	0.636142  	4200.000000	0.811896  	4200.000000	0.721007  	4200.000000	0.708023  	4200.000000	0.811862  	4200.000000	3.39188e-05	
4400.000000	0.648748  	4400.000000	0.822618  	4400.000000	0.722793  	4400.000000	0.709828  	4400.000000	0.822586  	4400.000000	3.24781e-05	
4600.000000	0.6617    	4600.000000	0.833549  	4600.000000	0.724617  	4600.000000	0.711671  	4600.000000	0.833518  	4600.000000	3.11585e-05	
4800.000000	0.674972  	4800.000000	0.844659  	4800.000000	0.726466  	4800.000000	0.713538  	4800.000000	0.844629  	4800.000000	2.9945e-05	
5000.000000	0.688543  	5000.000000	0.855926  	5000.000000	0.728329  	5000.000000	0.715417  	5000.000000	0.855897  	5000.000000	2.88253e-05	
5250.000000	0.705901  	5250.000000	0.870198  	5250.000000	0.730662  	5250.000000	0.717772  	5250.000000	0.870171  	5250.000000	2.75416e-05	
5500.000000	0.723668  	5500.000000	0.884651  	5500.000000	0.732989  	5500.000000	0.72012   	5500.000000	0.884625  	5500.000000	2.63706e-05	
6000.000000	0.76034   	6000.000000	0.913997  	6000.000000	0.737591  	6000.000000	0.724759  	6000.000000	0.913973  	6000.000000	2.43118e-05	
6500.000000	0.798404  	6500.000000	0.943799  	6500.000000	0.742087  	6500.000000	0.729286  	6500.000000	0.943776  	6500.000000	2.25594e-05	
7000.000000	0.837752  	7000.000000	0.973939  	7000.000000	0.746451  	7000.000000	0.733673  	7000.000000	0.973918  	7000.000000	2.10493e-05	
7500.000000	0.878299  	7500.000000	1.00434   	7500.000000	0.75067   	7500.000000	0.73791   	7500.000000	1.00432   	7500.000000	1.9734e-05	
8000.000000	0.919987  	8000.000000	1.03492   	8000.000000	0.754697  	8000.000000	0.741993  	8000.000000	1.03491   	8000.000000	1.85778e-05	
8500.000000	0.962766  	8500.000000	1.06566   	8500.000000	0.758586  	8500.000000	0.745922  	8500.000000	1.06564   	8500.000000	1.75532e-05	
9000.000000	1.0066    	9000.000000	1.09651   	9000.000000	0.76236   	9000.000000	0.749704  	9000.000000	1.09649   	9000.000000	1.66388e-05	
9500.000000	1.05146   	9500.000000	1.12743   	9500.000000	0.765986  	9500.000000	0.753343  	9500.000000	1.12742   	9500.000000	1.58175e-05	
10000.000000	1.09732   	10000.000000	1.15843   	10000.000000	0.769457  	10000.000000	0.756846  	10000.000000	1.15841   	10000.000000	1.50757e-05	
11000.000000	1.19199   	11000.000000	1.22053   	11000.000000	0.776009  	11000.000000	0.763473  	11000.000000	1.22051   	11000.000000	1.37881e-05	
12000.000000	1.29048   	12000.000000	1.28271   	12000.000000	0.782117  	12000.000000	0.769638  	12000.000000	1.2827    	12000.000000	1.27084e-05	
13000.000000	1.39273   	13000.000000	1.34492   	13000.000000	0.78781   	13000.000000	0.775392  	13000.000000	1.34491   	13000.000000	1.17898e-05	
14000.000000	1.49868   	14000.000000	1.4071    	14000.000000	0.793124  	14000.000000	0.78078   	14000.000000	1.40709   	14000.000000	1.09983e-05	
15000.000000	1.60831   	15000.000000	1.46923   	15000.000000	0.798101  	15000.000000	0.785841  	15000.000000	1.46922   	15000.000000	1.03091e-05	
16000.000000	1.72159   	16000.000000	1.53129   	16000.000000	0.802783  	16000.000000	0.790609  	16000.000000	1.53128   	16000.000000	9.70332e-06	
17000.000000	1.83851   	17000.000000	1.59327   	17000.000000	0.807202  	17000.000000	0.795114  	17000.000000	1.59326   	17000.000000	9.16665e-06	
18000.000000	1.95907   	18000.000000	1.65515   	18000.000000	0.811388  	18000.000000	0.79938   	18000.000000	1.65514   	18000.000000	8.68777e-06	
19000.000000	2.08325   	19000.000000	1.71694   	19000.000000	0.815363  	19000.000000	0.803432  	19000.000000	1.71693   	19000.000000	8.25774e-06	
20000.000000	2.21107   	20000.000000	1.77863   	20000.000000	0.819148  	20000.000000	0.807287  	20000.000000	1.77862   	20000.000000	7.86939e-06	
21000.000000	2.34253   	21000.000000	1.84022   	21000.000000	0.822745  	21000.000000	0.810963  	21000.000000	1.84021   	21000.000000	7.51688e-06	
22000.000000	2.47764   	22000.000000	1.9017    	22000.000000	0.826145  	22000.000000	0.814476  	22000.000000	1.9017    	22000.000000	7.19543e-06	
23000.000000	2.6164    	23000.000000	1.96309   	23000.000000	0.829411  	23000.000000	0.817839  	23000.000000	1.96308   	23000.000000	6.90107e-06	
24000.000000	2.75883   	24000.000000	2.02437   	24000.000000	0.832541  	24000.000000	0.821062  	24000.000000	2.02437   	24000.000000	6.63049e-06	
25000.000000	2.90494   	25000.000000	2.08556   	25000.000000	0.83552   	25000.000000	0.824158  	25000.000000	2.08555   	25000.000000	6.38089e-06	
26000.000000	3.05475   	26000.000000	2.14664   	26000.000000	0.838378  	26000.000000	0.827135  	26000.000000	2.14664   	26000.000000	6.1499e-06	
27000.000000	3.20826   	27000.000000	2.20763   	27000.000000	0.841134  	27000.000000	0.830002  	27000.000000	2.20763   	27000.000000	5.9355e-06	
28000.000000	3.36549   	28000.000000	2.26853   	28000.000000	0.843785  	28000.000000	0.832767  	28000.000000	2.26852   	28000.000000	5.73594e-06	
29000.000000	3.52647   	29000.000000	2.32933   	29000.000000	0.846329  	29000.000000	0.835435  	29000.000000	2.32933   	29000.000000	5.54973e-06	
30000.000000	3.6912    	30000.000000	2.39005   	30000.000000	0.848774  	30000.000000	0.838014  	30000.000000	2.39004   	30000.000000	5.37555e-06	
32000.000000	4.03199   	32000.000000	2.51121   	32000.000000	0.853413  	32000.000000	0.842926  	32000.000000	2.5112    	32000.000000	5.05887e-06	
34000.000000	4.38802   	34000.000000	2.63203   	34000.000000	0.857757  	34000.000000	0.847541  	34000.000000	2.63202   	34000.000000	4.77834e-06	
36000.000000	4.75944   	36000.000000	2.75252   	36000.000000	0.86182   	36000.000000	0.851893  	36000.000000	2.75252   	36000.000000	4.52807e-06	
38000.000000	5.14639   	38000.000000	2.87271   	38000.000000	0.86562   	38000.000000	0.856008  	38000.000000	2.8727    	38000.000000	4.30336e-06	
40000.000000	5.54903   	40000.000000	2.99259   	40000.000000	0.869191  	40000.000000	0.859912  	40000.000000	2.99259   	40000.000000	4.10046e-06	
42000.000000	5.96754   	42000.000000	3.1122    	42000.000000	0.872563  	42000.000000	0.863624  	42000.000000	3.11219   	42000.000000	3.91631e-06	
44000.000000	6.40206   	44000.000000	3.23153   	44000.000000	0.875763  	44000.000000	0.867162  	44000.000000	3.23152   	44000.000000	3.74841e-06	
46000.000000	6.85278   	46000.000000	3.3506    	46000.000000	0.878813  	46000.000000	0.870541  	46000.000000	3.35059   	46000.000000	3.59468e-06	
48000.000000	7.31985   	48000.000000	3.46941   	48000.000000	0.881719  	48000.000000	0.873775  	48000.000000	3.46941   	48000.000000	3.45338e-06	
50000.000000	7.80345   	50000.000000	3.58799   	50000.000000	0.884472  	50000.000000	0.876875  	50000.000000	3.58799   	50000.000000	3.32306e-06	
