Energy (MeV/u)1	0 - [He-base] F.Hubert et al, AD&ND Tables 46(1990)1	Energy (MeV/u)2	1 - [H -base] J.F.Ziegler et al, Pergamon Press, NY (low energy)	Energy (MeV/u)3	2 - ATIMA 1.2  LS-theory (recommended for high energy)	Energy (MeV/u)4	3 - ATIMA 1.2  without LS-correction	Energy (MeV/u)5	4 - electrical component of [1] - J.F.Ziegler et al	Energy (MeV/u)6	5 - nuclear component of [1] - J.F.Ziegler et al	
0.001000	4.87595   	0.001000	6.29541   	0.001000	6.4862    	0.001000	6.4862    	0.001000	2.05744   	0.001000	4.23797   	
0.002000	4.92619   	0.002000	6.29736   	0.002000	6.59438   	0.002000	6.59438   	0.002000	2.66817   	0.002000	3.62919   	
0.005000	5.17441   	0.005000	6.32197   	0.005000	6.85107   	0.005000	6.85107   	0.005000	3.76219   	0.005000	2.55978   	
0.008000	5.50151   	0.008000	6.50987   	0.008000	7.21862   	0.008000	7.21862   	0.008000	4.48731   	0.008000	2.02256   	
0.010000	5.72124   	0.010000	6.66694   	0.010000	7.48043   	0.010000	7.48043   	0.010000	4.87896   	0.010000	1.78797   	
0.015000	6.53138   	0.015000	7.22862   	0.015000	8.14798   	0.015000	8.14798   	0.015000	5.82288   	0.015000	1.40574   	
0.020000	7.29516   	0.020000	7.93579   	0.020000	8.96376   	0.020000	8.96376   	0.020000	6.76411   	0.020000	1.17168   	
0.025000	8.19141   	0.025000	8.81984   	0.025000	9.83047   	0.025000	9.83047   	0.025000	7.80839   	0.025000	1.01144   	
0.030000	9.00532   	0.030000	9.71594   	0.030000	10.7962   	0.030000	10.7962   	0.030000	8.82207   	0.030000	0.89387   	
0.035000	9.73012   	0.035000	10.6078   	0.035000	11.7571   	0.035000	11.7571   	0.035000	9.80442   	0.035000	0.803408  	
0.040000	10.3494   	0.040000	11.4813   	0.040000	12.6998   	0.040000	12.6998   	0.040000	10.7537   	0.040000	0.727559  	
0.045000	10.8071   	0.045000	12.2979   	0.045000	13.6259   	0.045000	13.6259   	0.045000	11.6289   	0.045000	0.669008  	
0.050000	11.152    	0.050000	13.0584   	0.050000	14.5241   	0.050000	14.5241   	0.050000	12.4408   	0.050000	0.617574  	
0.055000	11.7429   	0.055000	13.8993   	0.055000	15.3964   	0.055000	15.3964   	0.055000	13.3231   	0.055000	0.576217  	
0.060000	12.2703   	0.060000	14.7196   	0.060000	16.2379   	0.060000	16.2379   	0.060000	14.179    	0.060000	0.540573  	
0.070000	13.1445   	0.070000	16.2894   	0.070000	17.8227   	0.070000	17.8227   	0.070000	15.8073   	0.070000	0.482138  	
0.080000	14.0824   	0.080000	17.7363   	0.080000	19.2721   	0.080000	19.2721   	0.080000	17.3002   	0.080000	0.436113  	
0.090000	14.8688   	0.090000	19.0686   	0.090000	20.5861   	0.090000	20.5861   	0.090000	18.6698   	0.090000	0.398822  	
0.100000	15.537    	0.100000	20.284    	0.100000	21.7686   	0.100000	21.7686   	0.100000	19.9161   	0.100000	0.36793   	
0.120000	16.2432   	0.120000	22.417    	0.120000	23.7675   	0.120000	23.7675   	0.120000	22.0974   	0.120000	0.319572  	
0.140000	16.7714   	0.140000	24.1363   	0.140000	25.3377   	0.140000	25.3377   	0.140000	23.853    	0.140000	0.283314  	
0.160000	17.2378   	0.160000	25.5002   	0.160000	26.5547   	0.160000	26.5547   	0.160000	25.2452   	0.160000	0.255021  	
0.180000	17.6966   	0.180000	26.5726   	0.180000	27.4891   	0.180000	27.4891   	0.180000	26.3403   	0.180000	0.232268  	
0.200000	18.1683   	0.200000	27.4133   	0.200000	28.2021   	0.200000	28.2021   	0.200000	27.1997   	0.200000	0.213536  	
0.250000	19.1669   	0.250000	29.206    	0.250000	29.3207   	0.250000	29.3207   	0.250000	29.0275   	0.250000	0.178445  	
0.300000	20.1067   	0.300000	30.3217   	0.300000	29.88     	0.300000	29.88     	0.300000	30.1678   	0.300000	0.15389   	
0.350000	20.8962   	0.350000	30.9895   	0.350000	30.1623   	0.350000	30.1623   	0.350000	30.8538   	0.350000	0.135664  	
0.400000	21.6981   	0.400000	31.6384   	0.400000	30.515    	0.400000	30.515    	0.400000	31.5168   	0.400000	0.121554  	
0.450000	22.5501   	0.450000	32.4363   	0.450000	31.4707   	0.450000	31.4707   	0.450000	32.326    	0.450000	0.110281  	
0.500000	23.2352   	0.500000	33.0785   	0.500000	32.2158   	0.500000	32.2158   	0.500000	32.9775   	0.500000	0.101051  	
0.600000	23.3994   	0.600000	33.1963   	0.600000	33.0483   	0.600000	33.0483   	0.600000	33.1095   	0.600000	0.0868021 	
0.700000	23.0305   	0.700000	32.9139   	0.700000	32.9794   	0.700000	32.9794   	0.700000	32.8376   	0.700000	0.0762808 	
0.800000	23.2092   	0.800000	32.3895   	0.800000	32.8051   	0.800000	32.8051   	0.800000	32.3213   	0.800000	0.0681699 	
0.900000	23.2458   	0.900000	31.8169   	0.900000	32.559    	0.900000	32.559    	0.900000	31.7552   	0.900000	0.0617121 	
1.000000	23.1821   	1.000000	31.2119   	1.000000	32.2617   	1.000000	32.2617   	1.000000	31.1555   	1.000000	0.0564399 	
1.250000	22.6243   	1.250000	30.3516   	1.250000	31.1644   	1.250000	31.1644   	1.250000	30.3049   	1.250000	0.0466751 	
1.500000	21.8532   	1.500000	29.393    	1.500000	29.9629   	1.500000	29.9629   	1.500000	29.3531   	1.500000	0.039933  	
1.750000	21.0189   	1.750000	28.4274   	1.750000	28.8588   	1.750000	28.8588   	1.750000	28.3924   	1.750000	0.0349799 	
2.000000	20.1839   	2.000000	27.4917   	2.000000	27.8337   	2.000000	27.8337   	2.000000	27.4605   	2.000000	0.0311771 	
2.250000	19.4002   	2.250000	26.4088   	2.250000	26.8776   	2.250000	26.8776   	2.250000	26.3806   	2.250000	0.0281596 	
2.500000	20.9811   	2.500000	25.4321   	2.500000	25.9838   	2.500000	25.9838   	2.500000	25.4064   	2.500000	0.0257033 	
3.000000	19.4464   	3.000000	23.6957   	3.000000	24.3617   	3.000000	24.3617   	3.000000	23.6738   	3.000000	0.0219379 	
3.500000	18.1044   	3.500000	22.2154   	3.500000	22.9303   	3.500000	22.9303   	3.500000	22.1962   	3.500000	0.0191797 	
4.000000	16.9327   	4.000000	20.9161   	4.000000	21.6595   	4.000000	21.6595   	4.000000	20.899    	4.000000	0.0170671 	
4.500000	15.9055   	4.500000	19.784    	4.500000	20.5246   	4.500000	20.5246   	4.500000	19.7686   	4.500000	0.0153941 	
5.000000	14.9999   	5.000000	18.7802   	5.000000	19.5053   	5.000000	19.5053   	5.000000	18.7662   	5.000000	0.0140345 	
5.500000	14.1964   	5.500000	17.8946   	5.500000	18.585    	5.500000	18.585    	5.500000	17.8817   	5.500000	0.0129065 	
6.000000	13.4791   	6.000000	17.0887   	6.000000	17.7497   	6.000000	17.7497   	6.000000	17.0767   	6.000000	0.0119547 	
6.500000	12.8351   	6.500000	16.3526   	6.500000	16.9883   	6.500000	16.9883   	6.500000	16.3415   	6.500000	0.0111402 	
7.000000	12.2537   	7.000000	15.678    	7.000000	16.2913   	7.000000	16.2913   	7.000000	15.6676   	7.000000	0.0104348 	
7.500000	11.7262   	7.500000	15.0575   	7.500000	15.6508   	7.500000	15.6508   	7.500000	15.0477   	7.500000	0.00981761	
8.000000	11.2454   	8.000000	14.485    	8.000000	15.0601   	8.000000	15.0601   	8.000000	14.4757   	8.000000	0.00927284	
8.500000	10.8054   	8.500000	13.9551   	8.500000	14.5135   	8.500000	14.5135   	8.500000	13.9463   	8.500000	0.00878824	
9.000000	10.4011   	9.000000	13.4632   	9.000000	14.0063   	9.000000	14.0063   	9.000000	13.4548   	9.000000	0.00835419	
9.500000	10.0282   	9.500000	13.0054   	9.500000	13.5342   	9.500000	13.5342   	9.500000	12.9975   	9.500000	0.00796306	
10.000000	9.68333   	10.000000	12.7542   	10.000000	13.0937   	10.000000	13.0937   	10.000000	12.7466   	10.000000	0.00760867	
11.000000	9.06542   	11.000000	12.0249   	11.000000	12.2606   	11.000000	12.3087   	11.000000	12.0179   	11.000000	0.00699091	
12.000000	8.52762   	12.000000	11.376    	12.000000	11.5311   	12.000000	11.6148   	12.000000	11.3695   	12.000000	0.0064702 	
13.000000	8.05508   	13.000000	10.7953   	13.000000	10.8872   	13.000000	10.9971   	13.000000	10.7893   	13.000000	0.00602503	
14.000000	7.63644   	14.000000	10.2728   	14.000000	10.3149   	14.000000	10.444    	14.000000	10.2672   	14.000000	0.00563983	
15.000000	7.26284   	15.000000	9.80045   	15.000000	9.80274   	15.000000	9.94617   	15.000000	9.79515   	15.000000	0.00530309	
16.000000	6.92727   	16.000000	9.37137   	16.000000	9.34217   	16.000000	9.49579   	16.000000	9.36636   	16.000000	0.00500606	
17.000000	6.62412   	17.000000	8.97996   	17.000000	8.92598   	17.000000	9.0866    	17.000000	8.97522   	17.000000	0.00474202	
18.000000	6.34884   	18.000000	8.62153   	18.000000	8.54801   	18.000000	8.71337   	18.000000	8.61703   	18.000000	0.00450567	
19.000000	6.09768   	19.000000	8.2921    	19.000000	8.20331   	19.000000	8.37172   	19.000000	8.28781   	19.000000	0.00429281	
20.000000	5.86757   	20.000000	7.98832   	20.000000	7.8879    	20.000000	8.05795   	20.000000	7.98422   	20.000000	0.00410005	
21.000000	5.65592   	21.000000	7.70731   	21.000000	7.59844   	21.000000	7.76893   	21.000000	7.70339   	21.000000	0.00392463	
22.000000	5.46055   	22.000000	7.44662   	22.000000	7.33211   	22.000000	7.50198   	22.000000	7.44286   	22.000000	0.00376428	
23.000000	5.27964   	23.000000	7.20413   	23.000000	7.08628   	23.000000	7.25481   	23.000000	7.20052   	23.000000	0.00361711	
24.000000	5.11159   	24.000000	6.97801   	24.000000	6.85861   	24.000000	7.02541   	24.000000	6.97453   	24.000000	0.00348153	
25.000000	4.95507   	25.000000	6.76666   	25.000000	6.64731   	25.000000	6.81205   	25.000000	6.7633    	25.000000	0.0033562 	
27.000000	4.6721    	27.000000	6.38283   	27.000000	6.26842   	27.000000	6.42761   	27.000000	6.3797    	27.000000	0.00313191	
29.000000	4.42309   	29.000000	6.04337   	29.000000	5.93893   	29.000000	6.09143   	29.000000	6.04044   	29.000000	0.00293694	
31.000000	4.20217   	31.000000	5.74102   	31.000000	5.64855   	31.000000	5.78719   	31.000000	5.73825   	31.000000	0.00276582	
33.000000	4.00478   	33.000000	5.47001   	33.000000	5.38742   	33.000000	5.50796   	33.000000	5.46739   	33.000000	0.00261436	
35.000000	3.82728   	35.000000	5.22571   	35.000000	5.15129   	35.000000	5.25694   	35.000000	5.22323   	35.000000	0.00247931	
38.000000	3.59212   	38.000000	4.9013    	38.000000	4.838     	38.000000	4.92458   	38.000000	4.899     	38.000000	0.00230204	
41.000000	3.38765   	41.000000	4.61867   	41.000000	4.56424   	41.000000	4.63588   	41.000000	4.61652   	41.000000	0.00214941	
44.000000	3.20813   	44.000000	4.37023   	44.000000	4.32355   	44.000000	4.38275   	44.000000	4.36822   	44.000000	0.00201656	
47.000000	3.04919   	47.000000	4.15013   	47.000000	4.10968   	47.000000	4.15896   	47.000000	4.14823   	47.000000	0.00189982	
50.000000	2.90741   	50.000000	3.95377   	50.000000	3.91859   	50.000000	3.95965   	50.000000	3.95198   	50.000000	0.00179639	
55.000000	2.70224   	55.000000	3.66967   	55.000000	3.64187   	55.000000	3.67185   	55.000000	3.66803   	55.000000	0.00164786	
60.000000	2.52813   	60.000000	3.42883   	60.000000	3.40645   	60.000000	3.42834   	60.000000	3.4273    	60.000000	0.00152292	
65.000000	2.37842   	65.000000	3.22203   	65.000000	3.20383   	65.000000	3.21956   	65.000000	3.22061   	65.000000	0.00141628	
70.000000	2.24823   	70.000000	3.04251   	70.000000	3.02803   	70.000000	3.03854   	70.000000	3.04119   	70.000000	0.00132415	
75.000000	2.1339    	75.000000	2.88519   	75.000000	2.87355   	75.000000	2.88005   	75.000000	2.88395   	75.000000	0.00124372	
80.000000	2.03266   	80.000000	2.74618   	80.000000	2.73697   	80.000000	2.7401    	80.000000	2.74501   	80.000000	0.00117287	
85.000000	1.94233   	85.000000	2.62244   	85.000000	2.61502   	85.000000	2.6156    	85.000000	2.62133   	85.000000	0.00110996	
90.000000	1.86121   	90.000000	2.51158   	90.000000	2.50575   	90.000000	2.50411   	90.000000	2.51052   	90.000000	0.00105372	
95.000000	1.78793   	95.000000	2.41167   	95.000000	2.40724   	95.000000	2.40368   	95.000000	2.41067   	95.000000	0.00100311	
100.000000	1.72138   	100.000000	2.32116   	100.000000	2.31772   	100.000000	2.31273   	100.000000	2.32021   	100.000000	0.000957336	
105.000000	1.66065   	105.000000	2.23878   	105.000000	2.23621   	105.000000	2.22997   	105.000000	2.23787   	105.000000	0.000915713	
110.000000	1.605     	110.000000	2.16348   	110.000000	2.16173   	110.000000	2.15434   	110.000000	2.1626    	110.000000	0.000877698	
115.000000	1.55381   	115.000000	2.09437   	115.000000	2.09314   	115.000000	2.08494   	115.000000	2.09352   	115.000000	0.000842836	
120.000000	1.50653   	120.000000	2.03072   	120.000000	2.03003   	120.000000	2.02104   	120.000000	2.02991   	120.000000	0.000810744	
125.000000	1.46274   	125.000000	1.9719    	125.000000	1.97179   	125.000000	1.962     	125.000000	1.97112   	125.000000	0.0007811 	
130.000000	1.42205   	130.000000	1.91738   	130.000000	1.91762   	130.000000	1.90728   	130.000000	1.91662   	130.000000	0.000753632	
135.000000	1.38414   	135.000000	1.8667    	135.000000	1.86727   	135.000000	1.85644   	135.000000	1.86597   	135.000000	0.000728105	
140.000000	1.34872   	140.000000	1.81947   	140.000000	1.82034   	140.000000	1.80906   	140.000000	1.81877   	140.000000	0.000704318	
145.000000	1.31555   	145.000000	1.77535   	145.000000	1.77651   	145.000000	1.76481   	145.000000	1.77467   	145.000000	0.000682096	
150.000000	1.28441   	150.000000	1.73404   	150.000000	1.73546   	150.000000	1.72338   	150.000000	1.73338   	150.000000	0.000661288	
155.000000	1.24047   	155.000000	1.69528   	155.000000	1.69686   	155.000000	1.68451   	155.000000	1.69463   	155.000000	0.000641761	
160.000000	1.21476   	160.000000	1.65883   	160.000000	1.66048   	160.000000	1.64798   	160.000000	1.65821   	160.000000	0.000623399	
165.000000	1.19051   	165.000000	1.6245    	165.000000	1.62624   	165.000000	1.61357   	165.000000	1.62389   	165.000000	0.0006061 	
170.000000	1.16759   	170.000000	1.59211   	170.000000	1.59402   	170.000000	1.58111   	170.000000	1.59152   	170.000000	0.000589772	
175.000000	1.1459    	175.000000	1.56149   	175.000000	1.56361   	175.000000	1.55044   	175.000000	1.56092   	175.000000	0.000574334	
180.000000	1.12533   	180.000000	1.53251   	180.000000	1.53473   	180.000000	1.52142   	180.000000	1.53195   	180.000000	0.000559716	
185.000000	1.10581   	185.000000	1.50503   	185.000000	1.50731   	185.000000	1.49391   	185.000000	1.50449   	185.000000	0.000545852	
190.000000	1.08725   	190.000000	1.47895   	190.000000	1.48131   	190.000000	1.46779   	190.000000	1.47842   	190.000000	0.000532685	
195.000000	1.06958   	195.000000	1.45416   	195.000000	1.45659   	195.000000	1.44298   	195.000000	1.45364   	195.000000	0.000520163	
200.000000	1.05274   	200.000000	1.43056   	200.000000	1.43307   	200.000000	1.41937   	200.000000	1.43005   	200.000000	0.000508239	
210.000000	1.02133   	210.000000	1.38662   	210.000000	1.38929   	210.000000	1.37542   	210.000000	1.38613   	210.000000	0.00048602	
220.000000	0.992612  	220.000000	1.34655   	220.000000	1.34923   	220.000000	1.33536   	220.000000	1.34608   	220.000000	0.000465732	
230.000000	0.96625   	230.000000	1.30986   	230.000000	1.31265   	230.000000	1.29871   	230.000000	1.30941   	230.000000	0.000447132	
240.000000	0.941965  	240.000000	1.27614   	240.000000	1.27911   	240.000000	1.26504   	240.000000	1.27571   	240.000000	0.000430015	
250.000000	0.91952   	250.000000	1.24504   	250.000000	1.24807   	250.000000	1.23401   	250.000000	1.24463   	250.000000	0.000414207	
260.000000	0.898713  	260.000000	1.21628   	260.000000	1.21939   	260.000000	1.20533   	260.000000	1.21588   	260.000000	0.000399563	
270.000000	0.879371  	270.000000	1.1896    	270.000000	1.19287   	270.000000	1.17874   	270.000000	1.18922   	270.000000	0.000385957	
280.000000	0.861344  	280.000000	1.16479   	280.000000	1.1681    	280.000000	1.15403   	280.000000	1.16442   	280.000000	0.000373282	
290.000000	0.844504  	290.000000	1.14166   	290.000000	1.14501   	290.000000	1.131     	290.000000	1.1413    	290.000000	0.000361442	
300.000000	0.828736  	300.000000	1.12004   	300.000000	1.12353   	300.000000	1.1095    	300.000000	1.11969   	300.000000	0.000350358	
310.000000	0.813943  	310.000000	1.0998    	310.000000	1.10344   	310.000000	1.08938   	310.000000	1.09946   	310.000000	0.000339959	
320.000000	0.800037  	320.000000	1.08081   	320.000000	1.08453   	320.000000	1.07052   	320.000000	1.08048   	320.000000	0.000330182	
330.000000	0.786942  	330.000000	1.06296   	330.000000	1.06676   	330.000000	1.0528    	330.000000	1.06264   	330.000000	0.000320972	
340.000000	0.77459   	340.000000	1.04615   	340.000000	1.05004   	340.000000	1.03612   	340.000000	1.04584   	340.000000	0.000312281	
350.000000	0.76292   	350.000000	1.0303    	350.000000	1.03428   	350.000000	1.02041   	350.000000	1.03      	350.000000	0.000304065	
360.000000	0.751879  	360.000000	1.01533   	360.000000	1.0194    	360.000000	1.00557   	360.000000	1.01503   	360.000000	0.000296287	
370.000000	0.741417  	370.000000	1.00116   	370.000000	1.00525   	370.000000	0.991463  	370.000000	1.00087   	370.000000	0.000288911	
380.000000	0.731491  	380.000000	0.987745  	380.000000	0.991849  	380.000000	0.978106  	380.000000	0.987463  	380.000000	0.000281907	
390.000000	0.722062  	390.000000	0.97502   	390.000000	0.979147  	390.000000	0.965446  	390.000000	0.974744  	390.000000	0.000275247	
400.000000	0.713096  	400.000000	0.962935  	400.000000	0.967091  	400.000000	0.95343   	400.000000	0.962666  	400.000000	0.000268905	
410.000000	0.704558  	410.000000	0.951446  	410.000000	0.955635  	410.000000	0.942014  	410.000000	0.951183  	410.000000	0.000262861	
420.000000	0.696421  	420.000000	0.940512  	420.000000	0.944738  	420.000000	0.931154  	420.000000	0.940255  	420.000000	0.000257092	
430.000000	0.688658  	430.000000	0.930094  	430.000000	0.93436   	430.000000	0.920814  	430.000000	0.929843  	430.000000	0.00025158	
440.000000	0.681245  	440.000000	0.92016   	440.000000	0.924465  	440.000000	0.910958  	440.000000	0.919913  	440.000000	0.000246308	
450.000000	0.674159  	450.000000	0.910676  	450.000000	0.915026  	450.000000	0.901555  	450.000000	0.910435  	450.000000	0.00024126	
460.000000	0.66738   	460.000000	0.901616  	460.000000	0.90602   	460.000000	0.892575  	460.000000	0.901379  	460.000000	0.000236423	
470.000000	0.66089   	470.000000	0.892952  	470.000000	0.897407  	470.000000	0.883993  	470.000000	0.89272   	470.000000	0.000231783	
480.000000	0.654672  	480.000000	0.884661  	480.000000	0.889146  	480.000000	0.875784  	480.000000	0.884433  	480.000000	0.000227329	
490.000000	0.64871   	490.000000	0.87672   	490.000000	0.881215  	490.000000	0.867926  	490.000000	0.876497  	490.000000	0.000223048	
500.000000	0.642988  	500.000000	0.869109  	500.000000	0.873618  	500.000000	0.860397  	500.000000	0.86889   	500.000000	0.000218932	
520.000000	0.632216  	520.000000	0.854803  	520.000000	0.859407  	520.000000	0.846254  	520.000000	0.854592  	520.000000	0.000211155	
540.000000	0.62226   	540.000000	0.841608  	540.000000	0.846321  	540.000000	0.83322   	540.000000	0.841405  	540.000000	0.000203931	
560.000000	0.613037  	560.000000	0.829409  	560.000000	0.834225  	560.000000	0.821176  	560.000000	0.829212  	560.000000	0.000197202	
580.000000	0.604474  	580.000000	0.818105  	580.000000	0.823026  	580.000000	0.810022  	580.000000	0.817914  	580.000000	0.000190918	
600.000000	0.59651   	600.000000	0.807608  	600.000000	0.812585  	600.000000	0.79967   	600.000000	0.807423  	600.000000	0.000185036	
620.000000	0.589089  	620.000000	0.797844  	620.000000	0.802861  	620.000000	0.790041  	620.000000	0.797664  	620.000000	0.000179519	
640.000000	0.582163  	640.000000	0.788744  	640.000000	0.793845  	640.000000	0.78107   	640.000000	0.78857   	640.000000	0.000174332	
660.000000	0.57569   	660.000000	0.780251  	660.000000	0.785425  	660.000000	0.772697  	660.000000	0.780081  	660.000000	0.000169447	
680.000000	0.569631  	680.000000	0.772311  	680.000000	0.777514  	680.000000	0.764868  	680.000000	0.772147  	680.000000	0.000164838	
700.000000	0.563953  	700.000000	0.76488   	700.000000	0.770109  	700.000000	0.757537  	700.000000	0.764719  	700.000000	0.000160482	
720.000000	0.558625  	720.000000	0.757915  	720.000000	0.763195  	720.000000	0.750664  	720.000000	0.757758  	720.000000	0.000156358	
740.000000	0.553622  	740.000000	0.751379  	740.000000	0.756717  	740.000000	0.744209  	740.000000	0.751226  	740.000000	0.000152448	
760.000000	0.548919  	760.000000	0.74524   	760.000000	0.750625  	760.000000	0.738141  	760.000000	0.745091  	760.000000	0.000148735	
780.000000	0.544493  	780.000000	0.739467  	780.000000	0.744876  	780.000000	0.732429  	780.000000	0.739322  	780.000000	0.000145206	
800.000000	0.540326  	800.000000	0.734035  	800.000000	0.739437  	800.000000	0.727047  	800.000000	0.733893  	800.000000	0.000141846	
820.000000	0.536399  	820.000000	0.728918  	820.000000	0.734297  	820.000000	0.72197   	820.000000	0.728779  	820.000000	0.000138643	
840.000000	0.532696  	840.000000	0.724095  	840.000000	0.729455  	840.000000	0.717175  	840.000000	0.723959  	840.000000	0.000135587	
860.000000	0.529203  	860.000000	0.719545  	860.000000	0.724898  	860.000000	0.712643  	860.000000	0.719412  	860.000000	0.000132667	
880.000000	0.525906  	880.000000	0.715251  	880.000000	0.72059   	880.000000	0.708356  	880.000000	0.715121  	880.000000	0.000129875	
900.000000	0.522793  	900.000000	0.711195  	900.000000	0.716498  	900.000000	0.704297  	900.000000	0.711068  	900.000000	0.000127202	
920.000000	0.519852  	920.000000	0.707363  	920.000000	0.712605  	920.000000	0.700451  	920.000000	0.707238  	920.000000	0.00012464	
940.000000	0.517072  	940.000000	0.70374   	940.000000	0.708909  	940.000000	0.696804  	940.000000	0.703618  	940.000000	0.000122183	
960.000000	0.514446  	960.000000	0.700315  	960.000000	0.70541   	960.000000	0.693343  	960.000000	0.700195  	960.000000	0.000119825	
980.000000	0.511963  	980.000000	0.697074  	980.000000	0.702101  	980.000000	0.690056  	980.000000	0.696957  	980.000000	0.000117559	
1000.000000	0.509616  	1000.000000	0.694007  	1000.000000	0.698962  	1000.000000	0.686933  	1000.000000	0.693892  	1000.000000	0.00011538	
1020.000000	0.507396  	1020.000000	0.691105  	1020.000000	0.695975  	1020.000000	0.683964  	1020.000000	0.690992  	1020.000000	0.000113284	
1040.000000	0.505298  	1040.000000	0.688357  	1040.000000	0.693123  	1040.000000	0.681139  	1040.000000	0.688246  	1040.000000	0.000111265	
1060.000000	0.503315  	1060.000000	0.685756  	1060.000000	0.690398  	1060.000000	0.67845   	1060.000000	0.685647  	1060.000000	0.000109319	
1080.000000	0.50144   	1080.000000	0.683293  	1080.000000	0.6878    	1080.000000	0.675889  	1080.000000	0.683185  	1080.000000	0.000107442	
1100.000000	0.499669  	1100.000000	0.68096   	1100.000000	0.685327  	1100.000000	0.67345   	1100.000000	0.680855  	1100.000000	0.000105631	
1120.000000	0.497995  	1120.000000	0.678752  	1120.000000	0.682977  	1120.000000	0.671124  	1120.000000	0.678648  	1120.000000	0.000103882	
1140.000000	0.496415  	1140.000000	0.676662  	1140.000000	0.680742  	1140.000000	0.668906  	1140.000000	0.676559  	1140.000000	0.000102192	
1160.000000	0.494923  	1160.000000	0.674683  	1160.000000	0.678613  	1160.000000	0.666791  	1160.000000	0.674582  	1160.000000	0.000100558	
1180.000000	0.493516  	1180.000000	0.67281   	1180.000000	0.676582  	1180.000000	0.664771  	1180.000000	0.672711  	1180.000000	9.89769e-05	
1200.000000	0.492189  	1200.000000	0.671038  	1200.000000	0.67464   	1200.000000	0.662843  	1200.000000	0.67094   	1200.000000	9.74467e-05	
1220.000000	0.490939  	1220.000000	0.669362  	1220.000000	0.672781  	1220.000000	0.661002  	1220.000000	0.669266  	1220.000000	9.59649e-05	
1240.000000	0.489763  	1240.000000	0.667777  	1240.000000	0.671     	1240.000000	0.659243  	1240.000000	0.667683  	1240.000000	9.45289e-05	
1260.000000	0.488656  	1260.000000	0.66628   	1260.000000	0.669294  	1260.000000	0.657562  	1260.000000	0.666187  	1260.000000	9.31368e-05	
1280.000000	0.487617  	1280.000000	0.664866  	1280.000000	0.667661  	1280.000000	0.655955  	1280.000000	0.664774  	1280.000000	9.17865e-05	
1300.000000	0.486641  	1300.000000	0.663531  	1300.000000	0.666099  	1300.000000	0.654419  	1300.000000	0.66344   	1300.000000	9.04762e-05	
1320.000000	0.485727  	1320.000000	0.662272  	1320.000000	0.664603  	1320.000000	0.65295   	1320.000000	0.662183  	1320.000000	8.9204e-05	
1340.000000	0.484872  	1340.000000	0.661085  	1340.000000	0.663173  	1340.000000	0.651544  	1340.000000	0.660997  	1340.000000	8.79684e-05	
1360.000000	0.484073  	1360.000000	0.659968  	1360.000000	0.661805  	1360.000000	0.6502    	1360.000000	0.659881  	1360.000000	8.67677e-05	
1380.000000	0.483329  	1380.000000	0.658917  	1380.000000	0.660497  	1380.000000	0.648913  	1380.000000	0.658832  	1380.000000	8.56004e-05	
1400.000000	0.482636  	1400.000000	0.65793   	1400.000000	0.659246  	1400.000000	0.647681  	1400.000000	0.657846  	1400.000000	8.44653e-05	
1420.000000	0.481994  	1420.000000	0.657004  	1420.000000	0.658051  	1420.000000	0.646503  	1420.000000	0.65692   	1420.000000	8.33609e-05	
1440.000000	0.481399  	1440.000000	0.656136  	1440.000000	0.656908  	1440.000000	0.645374  	1440.000000	0.656054  	1440.000000	8.22859e-05	
1460.000000	0.480851  	1460.000000	0.655324  	1460.000000	0.655817  	1460.000000	0.644294  	1460.000000	0.655243  	1460.000000	8.12394e-05	
1480.000000	0.480347  	1480.000000	0.654566  	1480.000000	0.654773  	1480.000000	0.64326   	1480.000000	0.654486  	1480.000000	8.022e-05 	
1500.000000	0.479887  	1500.000000	0.65386   	1500.000000	0.653775  	1500.000000	0.64227   	1500.000000	0.653781  	1500.000000	7.92267e-05	
1520.000000	0.479467  	1520.000000	0.653203  	1520.000000	0.652819  	1520.000000	0.641321  	1520.000000	0.653125  	1520.000000	7.82586e-05	
1540.000000	0.479087  	1540.000000	0.652594  	1540.000000	0.651904  	1540.000000	0.640413  	1540.000000	0.652517  	1540.000000	7.73147e-05	
1560.000000	0.478746  	1560.000000	0.652032  	1560.000000	0.651027  	1560.000000	0.639543  	1560.000000	0.651955  	1560.000000	7.63941e-05	
1580.000000	0.478442  	1580.000000	0.651513  	1580.000000	0.650186  	1580.000000	0.638711  	1580.000000	0.651437  	1580.000000	7.54958e-05	
1600.000000	0.478173  	1600.000000	0.651037  	1600.000000	0.649379  	1600.000000	0.637913  	1600.000000	0.650962  	1600.000000	7.46192e-05	
1620.000000	0.477939  	1620.000000	0.650602  	1620.000000	0.648604  	1620.000000	0.63715   	1620.000000	0.650528  	1620.000000	7.37634e-05	
1640.000000	0.477739  	1640.000000	0.650207  	1640.000000	0.647861  	1640.000000	0.636419  	1640.000000	0.650134  	1640.000000	7.29277e-05	
1660.000000	0.47757   	1660.000000	0.649849  	1660.000000	0.647148  	1660.000000	0.635719  	1660.000000	0.649777  	1660.000000	7.21114e-05	
1680.000000	0.477434  	1680.000000	0.649529  	1680.000000	0.646465  	1680.000000	0.635049  	1680.000000	0.649457  	1680.000000	7.13137e-05	
1700.000000	0.477327  	1700.000000	0.649244  	1700.000000	0.64581   	1700.000000	0.634408  	1700.000000	0.649173  	1700.000000	7.05341e-05	
1750.000000	0.477186  	1750.000000	0.648679  	1750.000000	0.644292  	1750.000000	0.632923  	1750.000000	0.64861   	1750.000000	6.86602e-05	
1800.000000	0.477215  	1800.000000	0.64831   	1800.000000	0.642933  	1800.000000	0.631595  	1800.000000	0.648243  	1800.000000	6.68865e-05	
1850.000000	0.477401  	1850.000000	0.648123  	1850.000000	0.641721  	1850.000000	0.630409  	1850.000000	0.648058  	1850.000000	6.52051e-05	
1900.000000	0.477732  	1900.000000	0.648102  	1900.000000	0.640642  	1900.000000	0.629352  	1900.000000	0.648038  	1900.000000	6.3609e-05	
1950.000000	0.478198  	1950.000000	0.648235  	1950.000000	0.639684  	1950.000000	0.628412  	1950.000000	0.648173  	1950.000000	6.20916e-05	
2000.000000	0.478792  	2000.000000	0.648511  	2000.000000	0.638835  	2000.000000	0.627579  	2000.000000	0.64845   	2000.000000	6.06474e-05	
2100.000000	0.480325  	2100.000000	0.649449  	2100.000000	0.637426  	2100.000000	0.626199  	2100.000000	0.649391  	2100.000000	5.79576e-05	
2200.000000	0.482274  	2200.000000	0.650844  	2200.000000	0.63635   	2200.000000	0.625148  	2200.000000	0.650788  	2200.000000	5.55036e-05	
2300.000000	0.484591  	2300.000000	0.652636  	2300.000000	0.635552  	2300.000000	0.624375  	2300.000000	0.652583  	2300.000000	5.32553e-05	
2400.000000	0.487235  	2400.000000	0.654776  	2400.000000	0.634989  	2400.000000	0.623837  	2400.000000	0.654725  	2400.000000	5.11877e-05	
2500.000000	0.490174  	2500.000000	0.657222  	2500.000000	0.634625  	2500.000000	0.623499  	2500.000000	0.657173  	2500.000000	4.92795e-05	
2600.000000	0.493377  	2600.000000	0.659939  	2600.000000	0.634432  	2600.000000	0.623331  	2600.000000	0.659891  	2600.000000	4.75128e-05	
2700.000000	0.49682   	2700.000000	0.662895  	2700.000000	0.634387  	2700.000000	0.62331   	2700.000000	0.662849  	2700.000000	4.58724e-05	
2800.000000	0.500481  	2800.000000	0.666065  	2800.000000	0.634468  	2800.000000	0.623413  	2800.000000	0.66602   	2800.000000	4.43449e-05	
2900.000000	0.504343  	2900.000000	0.669426  	2900.000000	0.634659  	2900.000000	0.623625  	2900.000000	0.669383  	2900.000000	4.2919e-05	
3000.000000	0.508388  	3000.000000	0.672959  	3000.000000	0.634945  	3000.000000	0.623929  	3000.000000	0.672917  	3000.000000	4.15848e-05	
3200.000000	0.516975  	3200.000000	0.680475  	3200.000000	0.63575   	3200.000000	0.624767  	3200.000000	0.680436  	3200.000000	3.91578e-05	
3400.000000	0.526148  	3400.000000	0.6885    	3400.000000	0.636801  	3400.000000	0.625844  	3400.000000	0.688463  	3400.000000	3.70066e-05	
3600.000000	0.535833  	3600.000000	0.696947  	3600.000000	0.638035  	3600.000000	0.627101  	3600.000000	0.696912  	3600.000000	3.50861e-05	
3800.000000	0.54597   	3800.000000	0.705746  	3800.000000	0.639405  	3800.000000	0.628492  	3800.000000	0.705713  	3800.000000	3.33609e-05	
4000.000000	0.556514  	4000.000000	0.714843  	4000.000000	0.640876  	4000.000000	0.62998   	4000.000000	0.714811  	4000.000000	3.18023e-05	
4200.000000	0.567423  	4200.000000	0.724191  	4200.000000	0.642419  	4200.000000	0.631539  	4200.000000	0.724161  	4200.000000	3.0387e-05	
4400.000000	0.578668  	4400.000000	0.733755  	4400.000000	0.644013  	4400.000000	0.633149  	4400.000000	0.733726  	4400.000000	2.9096e-05	
4600.000000	0.59022   	4600.000000	0.743505  	4600.000000	0.645641  	4600.000000	0.634793  	4600.000000	0.743477  	4600.000000	2.79134e-05	
4800.000000	0.602058  	4800.000000	0.753415  	4800.000000	0.647292  	4800.000000	0.636458  	4800.000000	0.753388  	4800.000000	2.6826e-05	
5000.000000	0.614163  	5000.000000	0.763465  	5000.000000	0.648954  	5000.000000	0.638134  	5000.000000	0.763439  	5000.000000	2.58226e-05	
5250.000000	0.629646  	5250.000000	0.776195  	5250.000000	0.651037  	5250.000000	0.640235  	5250.000000	0.776171  	5250.000000	2.46722e-05	
5500.000000	0.645494  	5500.000000	0.789087  	5500.000000	0.653114  	5500.000000	0.642329  	5500.000000	0.789064  	5500.000000	2.3623e-05	
6000.000000	0.678204  	6000.000000	0.815263  	6000.000000	0.657221  	6000.000000	0.646467  	6000.000000	0.815241  	6000.000000	2.17781e-05	
6500.000000	0.712157  	6500.000000	0.841845  	6500.000000	0.661233  	6500.000000	0.650505  	6500.000000	0.841825  	6500.000000	2.02079e-05	
7000.000000	0.747254  	7000.000000	0.86873   	7000.000000	0.665126  	7000.000000	0.654418  	7000.000000	0.868711  	7000.000000	1.88549e-05	
7500.000000	0.783421  	7500.000000	0.895842  	7500.000000	0.668887  	7500.000000	0.658198  	7500.000000	0.895824  	7500.000000	1.76764e-05	
8000.000000	0.820605  	8000.000000	0.923127  	8000.000000	0.672519  	8000.000000	0.661839  	8000.000000	0.92311   	8000.000000	1.66404e-05	
8500.000000	0.858763  	8500.000000	0.950542  	8500.000000	0.676004  	8500.000000	0.665344  	8500.000000	0.950526  	8500.000000	1.57224e-05	
9000.000000	0.897862  	9000.000000	0.978056  	9000.000000	0.679342  	9000.000000	0.668717  	9000.000000	0.978041  	9000.000000	1.49031e-05	
9500.000000	0.937876  	9500.000000	1.00564   	9500.000000	0.682555  	9500.000000	0.671963  	9500.000000	1.00563   	9500.000000	1.41673e-05	
10000.000000	0.978785  	10000.000000	1.03329   	10000.000000	0.685656  	10000.000000	0.675088  	10000.000000	1.03327   	10000.000000	1.35027e-05	
11000.000000	1.06322   	11000.000000	1.08868   	11000.000000	0.691523  	11000.000000	0.680999  	11000.000000	1.08867   	11000.000000	1.23491e-05	
12000.000000	1.15108   	12000.000000	1.14415   	12000.000000	0.696968  	12000.000000	0.686498  	12000.000000	1.14414   	12000.000000	1.13819e-05	
13000.000000	1.24228   	13000.000000	1.19963   	13000.000000	0.702041  	13000.000000	0.691631  	13000.000000	1.19962   	13000.000000	1.05589e-05	
14000.000000	1.33679   	14000.000000	1.2551    	14000.000000	0.706788  	14000.000000	0.696437  	14000.000000	1.25509   	14000.000000	9.84987e-06	
15000.000000	1.43457   	15000.000000	1.31052   	15000.000000	0.711243  	15000.000000	0.700951  	15000.000000	1.31051   	15000.000000	9.23246e-06	
16000.000000	1.53562   	16000.000000	1.36587   	16000.000000	0.715431  	16000.000000	0.705204  	16000.000000	1.36586   	16000.000000	8.68985e-06	
17000.000000	1.63991   	17000.000000	1.42115   	17000.000000	0.719379  	17000.000000	0.709222  	17000.000000	1.42115   	17000.000000	8.20911e-06	
18000.000000	1.74744   	18000.000000	1.47635   	18000.000000	0.72311   	18000.000000	0.713028  	18000.000000	1.47635   	18000.000000	7.78014e-06	
19000.000000	1.85821   	19000.000000	1.53147   	19000.000000	0.726648  	19000.000000	0.716641  	19000.000000	1.53146   	19000.000000	7.39494e-06	
20000.000000	1.97222   	20000.000000	1.58649   	20000.000000	0.730011  	20000.000000	0.72008   	20000.000000	1.58649   	20000.000000	7.04708e-06	
21000.000000	2.08948   	21000.000000	1.64143   	21000.000000	0.733216  	21000.000000	0.723359  	21000.000000	1.64142   	21000.000000	6.73133e-06	
22000.000000	2.20999   	22000.000000	1.69627   	22000.000000	0.736271  	22000.000000	0.726493  	22000.000000	1.69627   	22000.000000	6.4434e-06	
23000.000000	2.33377   	23000.000000	1.75103   	23000.000000	0.739182  	23000.000000	0.729492  	23000.000000	1.75102   	23000.000000	6.17974e-06	
24000.000000	2.46081   	24000.000000	1.80569   	24000.000000	0.741954  	24000.000000	0.732367  	24000.000000	1.80568   	24000.000000	5.93739e-06	
25000.000000	2.59114   	25000.000000	1.86027   	25000.000000	0.744602  	25000.000000	0.735129  	25000.000000	1.86026   	25000.000000	5.71382e-06	
26000.000000	2.72476   	26000.000000	1.91475   	26000.000000	0.747152  	26000.000000	0.737784  	26000.000000	1.91475   	26000.000000	5.50693e-06	
27000.000000	2.86169   	27000.000000	1.96916   	27000.000000	0.749618  	27000.000000	0.740342  	27000.000000	1.96915   	27000.000000	5.3149e-06	
28000.000000	3.00194   	28000.000000	2.02347   	28000.000000	0.751992  	28000.000000	0.742807  	28000.000000	2.02347   	28000.000000	5.13616e-06	
29000.000000	3.14552   	29000.000000	2.07771   	29000.000000	0.754269  	29000.000000	0.745188  	29000.000000	2.0777    	29000.000000	4.96938e-06	
30000.000000	3.29246   	30000.000000	2.13186   	30000.000000	0.756455  	30000.000000	0.747488  	30000.000000	2.13186   	30000.000000	4.81337e-06	
32000.000000	3.59644   	32000.000000	2.23993   	32000.000000	0.760597  	32000.000000	0.751869  	32000.000000	2.23993   	32000.000000	4.52975e-06	
34000.000000	3.91401   	34000.000000	2.3477    	34000.000000	0.764472  	34000.000000	0.755986  	34000.000000	2.3477    	34000.000000	4.27851e-06	
36000.000000	4.2453    	36000.000000	2.45518   	36000.000000	0.768098  	36000.000000	0.759867  	36000.000000	2.45518   	36000.000000	4.05436e-06	
38000.000000	4.59045   	38000.000000	2.56238   	38000.000000	0.771498  	38000.000000	0.763538  	38000.000000	2.56238   	38000.000000	3.85311e-06	
40000.000000	4.9496    	40000.000000	2.66932   	40000.000000	0.774697  	40000.000000	0.76702   	40000.000000	2.66932   	40000.000000	3.6714e-06	
42000.000000	5.3229    	42000.000000	2.776     	42000.000000	0.777719  	42000.000000	0.770331  	42000.000000	2.776     	42000.000000	3.50648e-06	
44000.000000	5.71048   	44000.000000	2.88244   	44000.000000	0.780584  	44000.000000	0.773487  	44000.000000	2.88244   	44000.000000	3.35612e-06	
46000.000000	6.11251   	46000.000000	2.98865   	46000.000000	0.783312  	46000.000000	0.776501  	46000.000000	2.98865   	46000.000000	3.21844e-06	
48000.000000	6.52912   	48000.000000	3.09463   	48000.000000	0.785909  	48000.000000	0.779386  	48000.000000	3.09463   	48000.000000	3.09191e-06	
50000.000000	6.96048   	50000.000000	3.2004    	50000.000000	0.78837   	50000.000000	0.782151  	50000.000000	3.2004    	50000.000000	2.9752e-06	
