Energy (MeV/u)1	0 - [He-base] F.Hubert et al, AD&ND Tables 46(1990)1	Energy (MeV/u)2	1 - [H -base] J.F.Ziegler et al, Pergamon Press, NY (low energy)	Energy (MeV/u)3	2 - ATIMA 1.2  LS-theory (recommended for high energy)	Energy (MeV/u)4	3 - ATIMA 1.2  without LS-correction	Energy (MeV/u)5	4 - electrical component of [1] - J.F.Ziegler et al	Energy (MeV/u)6	5 - nuclear component of [1] - J.F.Ziegler et al	
0.001000	5.42181   	0.001000	6.9854    	0.001000	7.16887   	0.001000	7.16887   	0.001000	2.23654   	0.001000	4.74886   	
0.002000	5.49978   	0.002000	7.03904   	0.002000	7.33028   	0.002000	7.33028   	0.002000	2.90044   	0.002000	4.1386    	
0.005000	5.75463   	0.005000	7.07311   	0.005000	7.60236   	0.005000	7.60236   	0.005000	4.0897    	0.005000	2.98342   	
0.008000	6.08921   	0.008000	7.25761   	0.008000	7.97238   	0.008000	7.97238   	0.008000	4.87794   	0.008000	2.37967   	
0.010000	6.31684   	0.010000	7.41577   	0.010000	8.23904   	0.010000	8.23904   	0.010000	5.30368   	0.010000	2.11209   	
0.015000	7.19      	0.015000	8.00832   	0.015000	8.93091   	0.015000	8.93091   	0.015000	6.337     	0.015000	1.67132   	
0.020000	8.02409   	0.020000	8.77786   	0.020000	9.79557   	0.020000	9.79557   	0.020000	7.37924   	0.020000	1.39861   	
0.025000	9.00822   	0.025000	9.74688   	0.025000	10.7217   	0.025000	10.7217   	0.025000	8.53616   	0.025000	1.21072   	
0.030000	9.91152   	0.030000	10.7337   	0.030000	11.7591   	0.030000	11.7591   	0.030000	9.66143   	0.030000	1.07223   	
0.035000	10.7085   	0.035000	11.7189   	0.035000	12.7948   	0.035000	12.7948   	0.035000	10.7536   	0.035000	0.96531   	
0.040000	11.3974   	0.040000	12.6904   	0.040000	13.8177   	0.040000	13.8177   	0.040000	11.8105   	0.040000	0.879924  	
0.045000	11.9656   	0.045000	13.6353   	0.045000	14.816    	0.045000	14.816    	0.045000	12.8296   	0.045000	0.805728  	
0.050000	12.4013   	0.050000	14.5562   	0.050000	15.7933   	0.050000	15.7933   	0.050000	13.8087   	0.050000	0.747565  	
0.055000	13.0617   	0.055000	15.4998   	0.055000	16.7383   	0.055000	16.7383   	0.055000	14.8046   	0.055000	0.695215  	
0.060000	13.6516   	0.060000	16.4157   	0.060000	17.6544   	0.060000	17.6544   	0.060000	15.7629   	0.060000	0.652737  	
0.070000	14.6306   	0.070000	18.1687   	0.070000	19.3832   	0.070000	19.3832   	0.070000	17.5858   	0.070000	0.58296   	
0.080000	15.6797   	0.080000	19.785    	0.080000	20.9688   	0.080000	20.9688   	0.080000	19.2571   	0.080000	0.52788   	
0.090000	16.5601   	0.090000	21.2733   	0.090000	22.4102   	0.090000	22.4102   	0.090000	20.7902   	0.090000	0.483175  	
0.100000	17.3085   	0.100000	22.6311   	0.100000	23.711    	0.100000	23.711    	0.100000	22.1851   	0.100000	0.446087  	
0.120000	18.1025   	0.120000	25.014    	0.120000	25.9197   	0.120000	25.9197   	0.120000	24.6261   	0.120000	0.387933  	
0.140000	18.7469   	0.140000	27.0031   	0.140000	27.6667   	0.140000	27.6667   	0.140000	26.6589   	0.140000	0.34425   	
0.160000	19.317    	0.160000	28.5989   	0.160000	29.0318   	0.160000	29.0318   	0.160000	28.2888   	0.160000	0.310114  	
0.180000	19.8688   	0.180000	29.8562   	0.180000	30.0905   	0.180000	30.0905   	0.180000	29.5736   	0.180000	0.282631  	
0.200000	20.4281   	0.200000	30.8439   	0.200000	30.9082   	0.200000	30.9082   	0.200000	30.5839   	0.200000	0.259982  	
0.250000	21.2462   	0.250000	32.3817   	0.250000	32.2272   	0.250000	32.2272   	0.250000	32.1642   	0.250000	0.217499  	
0.300000	22.4195   	0.300000	33.8174   	0.300000	32.9313   	0.300000	32.9313   	0.300000	33.6297   	0.300000	0.187727  	
0.350000	23.4071   	0.350000	34.7212   	0.350000	33.3274   	0.350000	33.3274   	0.350000	34.5556   	0.350000	0.165603  	
0.400000	24.225    	0.400000	35.3446   	0.400000	33.8061   	0.400000	33.8061   	0.400000	35.1961   	0.400000	0.148461  	
0.450000	24.9421   	0.450000	35.8775   	0.450000	35.1871   	0.450000	35.1871   	0.450000	35.7427   	0.450000	0.134755  	
0.500000	25.7741   	0.500000	36.693    	0.500000	36.3094   	0.500000	36.3094   	0.500000	36.5695   	0.500000	0.123525  	
0.600000	26.0872   	0.600000	37.0087   	0.600000	36.8067   	0.600000	36.8067   	0.600000	36.9025   	0.600000	0.106176  	
0.700000	25.8903   	0.700000	36.9973   	0.700000	36.9278   	0.700000	36.9278   	0.700000	36.9039   	0.700000	0.0933554 	
0.800000	26.3462   	0.800000	36.7693   	0.800000	36.9005   	0.800000	36.9005   	0.800000	36.6858   	0.800000	0.083465  	
0.900000	26.5484   	0.900000	36.3411   	0.900000	36.7689   	0.900000	36.7689   	0.900000	36.2655   	0.900000	0.075586  	
1.000000	26.6106   	1.000000	35.8331   	1.000000	36.5609   	1.000000	36.5609   	1.000000	35.764    	1.000000	0.0691503 	
1.250000	26.3139   	1.250000	35.3094   	1.250000	35.8237   	1.250000	35.8237   	1.250000	35.2522   	1.250000	0.0572229 	
1.500000	25.5001   	1.500000	34.3062   	1.500000	34.6346   	1.500000	34.6346   	1.500000	34.2572   	1.500000	0.0489813 	
1.750000	24.5601   	1.750000	33.2238   	1.750000	33.4667   	1.750000	33.4667   	1.750000	33.1808   	1.750000	0.0429228 	
2.000000	23.5555   	2.000000	32.087    	2.000000	32.3742   	2.000000	32.3742   	2.000000	32.0487   	2.000000	0.038269  	
2.250000	22.6571   	2.250000	30.8449   	2.250000	31.3484   	2.250000	31.3484   	2.250000	30.8103   	2.250000	0.0345749 	
2.500000	24.935    	2.500000	29.6142   	2.500000	30.3834   	2.500000	30.3834   	2.500000	29.5826   	2.500000	0.0315666 	
3.000000	23.223    	3.000000	27.6438   	3.000000	28.6181   	3.000000	28.6181   	3.000000	27.6168   	3.000000	0.0269532 	
3.500000	21.7035   	3.500000	26.0782   	3.500000	27.0457   	3.500000	27.0457   	3.500000	26.0546   	3.500000	0.0235722 	
4.000000	20.3629   	4.000000	24.6958   	4.000000	25.6386   	4.000000	25.6386   	4.000000	24.6748   	4.000000	0.0209815 	
4.500000	19.1785   	4.500000	23.4616   	4.500000	24.3731   	4.500000	24.3731   	4.500000	23.4427   	4.500000	0.0189292 	
5.000000	18.1278   	5.000000	22.3433   	5.000000	23.2295   	5.000000	23.2295   	5.000000	22.3261   	5.000000	0.0172608 	
5.500000	17.1907   	5.500000	21.3487   	5.500000	22.1912   	5.500000	22.1912   	5.500000	21.3328   	5.500000	0.0158764 	
6.000000	16.3506   	6.000000	20.4392   	6.000000	21.2443   	6.000000	21.2443   	6.000000	20.4245   	6.000000	0.0147079 	
6.500000	15.5936   	6.500000	19.604    	6.500000	20.3772   	6.500000	20.3772   	6.500000	19.5903   	6.500000	0.0137078 	
7.000000	14.9079   	7.000000	18.8346   	7.000000	19.5802   	7.000000	19.5802   	7.000000	18.8218   	7.000000	0.0128415 	
7.500000	14.2841   	7.500000	18.124    	7.500000	18.845    	7.500000	18.845    	7.500000	18.1119   	7.500000	0.0120834 	
8.000000	13.7141   	8.000000	17.4656   	8.000000	18.1646   	8.000000	18.1646   	8.000000	17.4542   	8.000000	0.0114142 	
8.500000	13.1913   	8.500000	16.8541   	8.500000	17.5331   	8.500000	17.5331   	8.500000	16.8433   	8.500000	0.0108188 	
9.000000	12.7098   	9.000000	16.2847   	9.000000	16.9452   	9.000000	16.9452   	9.000000	16.2744   	9.000000	0.0102854 	
9.500000	12.2651   	9.500000	15.7531   	9.500000	16.3966   	9.500000	16.3966   	9.500000	15.7433   	9.500000	0.00980476	
10.000000	11.8529   	10.000000	15.469    	10.000000	15.8833   	10.000000	15.8833   	10.000000	15.4597   	10.000000	0.00936919	
11.000000	11.1128   	11.000000	14.6192   	11.000000	14.9008   	11.000000	14.9688   	11.000000	14.6106   	11.000000	0.00860979	
12.000000	10.4669   	12.000000	13.8593   	12.000000	14.0378   	12.000000	14.1567   	12.000000	13.8514   	12.000000	0.00796959	
13.000000	9.89808   	13.000000	13.1764   	13.000000	13.2738   	13.000000	13.4309   	13.000000	13.169    	13.000000	0.00742217	
14.000000	9.39304   	14.000000	12.5596   	14.000000	12.5929   	14.000000	12.7787   	14.000000	12.5526   	14.000000	0.00694844	
15.000000	8.9415    	15.000000	12        	15.000000	11.9822   	15.000000	12.1896   	15.000000	11.9935   	15.000000	0.00653423	
16.000000	8.53525   	16.000000	11.4901   	16.000000	11.4319   	16.000000	11.6551   	16.000000	11.484    	16.000000	0.00616883	
17.000000	8.16769   	17.000000	11.0238   	17.000000	10.9336   	17.000000	11.1681   	17.000000	11.0179   	17.000000	0.00584397	
18.000000	7.83346   	18.000000	10.5956   	18.000000	10.4804   	18.000000	10.7228   	18.000000	10.59     	18.000000	0.00555315	
19.000000	7.52814   	19.000000	10.2011   	19.000000	10.0664   	19.000000	10.3141   	19.000000	10.1958   	19.000000	0.00529121	
20.000000	7.24808   	20.000000	9.8366    	20.000000	9.68714   	20.000000	9.93802   	20.000000	9.83155   	20.000000	0.00505398	
21.000000	6.99022   	21.000000	9.49874   	21.000000	9.33856   	21.000000	9.59086   	21.000000	9.4939    	21.000000	0.00483808	
22.000000	6.75196   	22.000000	9.18473   	22.000000	9.01714   	22.000000	9.26959   	22.000000	9.18009   	22.000000	0.0046407 	
23.000000	6.53113   	23.000000	8.89214   	23.000000	8.72003   	23.000000	8.97158   	23.000000	8.88768   	23.000000	0.00445953	
24.000000	6.32583   	24.000000	8.61886   	24.000000	8.44483   	24.000000	8.69452   	24.000000	8.61457   	24.000000	0.00429262	
25.000000	6.13447   	25.000000	8.36305   	25.000000	8.18941   	25.000000	8.43643   	25.000000	8.35891   	25.000000	0.00413832	
27.000000	5.78812   	27.000000	7.89754   	27.000000	7.73035   	27.000000	7.97036   	27.000000	7.89368   	27.000000	0.00386216	
29.000000	5.48294   	29.000000	7.48483   	29.000000	7.33014   	29.000000	7.5617    	29.000000	7.48121   	29.000000	0.00362206	
31.000000	5.21187   	31.000000	7.11642   	31.000000	6.97825   	31.000000	7.18997   	31.000000	7.113     	31.000000	0.00341131	
33.000000	4.96942   	33.000000	6.78554   	33.000000	6.66224   	33.000000	6.84724   	33.000000	6.78232   	33.000000	0.00322476	
35.000000	4.75119   	35.000000	6.48676   	35.000000	6.37599   	35.000000	6.53865   	35.000000	6.4837    	35.000000	0.00305841	
38.000000	4.46178   	38.000000	6.08923   	38.000000	5.99448   	38.000000	6.12935   	38.000000	6.08639   	38.000000	0.00284002	
41.000000	4.20985   	41.000000	5.74218   	41.000000	5.66085   	41.000000	5.77319   	41.000000	5.73953   	41.000000	0.00265197	
44.000000	3.98845   	44.000000	5.43658   	44.000000	5.36662   	44.000000	5.46042   	44.000000	5.43409   	44.000000	0.00248826	
47.000000	3.79226   	47.000000	5.16541   	47.000000	5.10444   	47.000000	5.18354   	47.000000	5.16307   	47.000000	0.00234439	
50.000000	3.61713   	50.000000	4.92317   	50.000000	4.86995   	50.000000	4.93668   	50.000000	4.92095   	50.000000	0.00221691	
55.000000	3.36345   	55.000000	4.57214   	55.000000	4.52979   	55.000000	4.57977   	55.000000	4.5701    	55.000000	0.00203385	
60.000000	3.14797   	60.000000	4.27406   	60.000000	4.23991   	60.000000	4.27739   	60.000000	4.27218   	60.000000	0.00187982	
65.000000	2.96253   	65.000000	4.01777   	65.000000	3.99014   	65.000000	4.01788   	65.000000	4.01603   	65.000000	0.00174834	
70.000000	2.80115   	70.000000	3.79505   	70.000000	3.7727    	70.000000	3.79269   	70.000000	3.79341   	70.000000	0.00163474	
75.000000	2.65935   	75.000000	3.59968   	75.000000	3.58179   	75.000000	3.59539   	75.000000	3.59815   	75.000000	0.00153556	
80.000000	2.53371   	80.000000	3.42691   	80.000000	3.41248   	80.000000	3.42109   	80.000000	3.42547   	80.000000	0.00144819	
85.000000	2.42156   	85.000000	3.27302   	85.000000	3.26162   	85.000000	3.26595   	85.000000	3.27165   	85.000000	0.0013706 	
90.000000	2.3208    	90.000000	3.13507   	90.000000	3.12596   	90.000000	3.12698   	90.000000	3.13377   	90.000000	0.00130123	
95.000000	2.22973   	95.000000	3.01068   	95.000000	3.00363   	95.000000	3.00175   	95.000000	3.00945   	95.000000	0.00123881	
100.000000	2.14701   	100.000000	2.89796   	100.000000	2.8924    	100.000000	2.88831   	100.000000	2.89678   	100.000000	0.00118233	
105.000000	2.0715    	105.000000	2.79532   	105.000000	2.79145   	105.000000	2.78506   	105.000000	2.79419   	105.000000	0.00113099	
110.000000	2.00229   	110.000000	2.70146   	110.000000	2.69859   	110.000000	2.69069   	110.000000	2.70038   	110.000000	0.00108408	
115.000000	1.93859   	115.000000	2.61531   	115.000000	2.61346   	115.000000	2.60409   	115.000000	2.61427   	115.000000	0.00104107	
120.000000	1.87977   	120.000000	2.53594   	120.000000	2.53499   	120.000000	2.52433   	120.000000	2.53493   	120.000000	0.00100147	
125.000000	1.82527   	125.000000	2.46258   	125.000000	2.46235   	125.000000	2.45064   	125.000000	2.46161   	125.000000	0.000964894	
130.000000	1.77461   	130.000000	2.39457   	130.000000	2.39521   	130.000000	2.38233   	130.000000	2.39364   	130.000000	0.000930999	
135.000000	1.7274    	135.000000	2.33134   	135.000000	2.33262   	135.000000	2.31885   	135.000000	2.33044   	135.000000	0.000899497	
140.000000	1.68329   	140.000000	2.27241   	140.000000	2.27405   	140.000000	2.2597    	140.000000	2.27154   	140.000000	0.000870141	
145.000000	1.64198   	145.000000	2.21735   	145.000000	2.21933   	145.000000	2.20444   	145.000000	2.21651   	145.000000	0.000842715	
150.000000	1.60319   	150.000000	2.16579   	150.000000	2.16825   	150.000000	2.15271   	150.000000	2.16497   	150.000000	0.000817034	
155.000000	1.54842   	155.000000	2.11741   	155.000000	2.1202    	155.000000	2.10417   	155.000000	2.11661   	155.000000	0.000792932	
160.000000	1.51639   	160.000000	2.07191   	160.000000	2.07492   	160.000000	2.05855   	160.000000	2.07114   	160.000000	0.000770268	
165.000000	1.48617   	165.000000	2.02906   	165.000000	2.0323    	165.000000	2.01558   	165.000000	2.02831   	165.000000	0.000748914	
170.000000	1.4576    	170.000000	1.98862   	170.000000	1.99208   	170.000000	1.97504   	170.000000	1.98789   	170.000000	0.000728759	
175.000000	1.43057   	175.000000	1.95039   	175.000000	1.95407   	175.000000	1.93674   	175.000000	1.94968   	175.000000	0.000709703	
180.000000	1.40493   	180.000000	1.9142    	180.000000	1.91808   	180.000000	1.90048   	180.000000	1.91351   	180.000000	0.000691657	
185.000000	1.3806    	185.000000	1.8799    	185.000000	1.88397   	185.000000	1.86612   	185.000000	1.87922   	185.000000	0.000674542	
190.000000	1.35746   	190.000000	1.84733   	190.000000	1.85158   	190.000000	1.83351   	190.000000	1.84667   	190.000000	0.000658287	
195.000000	1.33543   	195.000000	1.81637   	195.000000	1.82081   	195.000000	1.80251   	195.000000	1.81572   	195.000000	0.000642828	
200.000000	1.31444   	200.000000	1.7869    	200.000000	1.79152   	200.000000	1.77302   	200.000000	1.78627   	200.000000	0.000628106	
210.000000	1.27527   	210.000000	1.73203   	210.000000	1.73679   	210.000000	1.71813   	210.000000	1.73143   	210.000000	0.000600673	
220.000000	1.23946   	220.000000	1.68198   	220.000000	1.68703   	220.000000	1.66809   	220.000000	1.68141   	220.000000	0.000575623	
230.000000	1.20658   	230.000000	1.63616   	230.000000	1.64138   	230.000000	1.6223    	230.000000	1.6356    	230.000000	0.000552656	
240.000000	1.17628   	240.000000	1.59404   	240.000000	1.59938   	240.000000	1.58024   	240.000000	1.59351   	240.000000	0.000531519	
250.000000	1.14828   	250.000000	1.55521   	250.000000	1.56069   	250.000000	1.54148   	250.000000	1.55469   	250.000000	0.000511998	
260.000000	1.12233   	260.000000	1.51928   	260.000000	1.5249    	260.000000	1.50565   	260.000000	1.51879   	260.000000	0.000493914	
270.000000	1.09819   	270.000000	1.48596   	270.000000	1.49172   	270.000000	1.47244   	270.000000	1.48548   	270.000000	0.00047711	
280.000000	1.0757    	280.000000	1.45497   	280.000000	1.46088   	280.000000	1.44157   	280.000000	1.45451   	280.000000	0.000461455	
290.000000	1.05468   	290.000000	1.42608   	290.000000	1.43214   	290.000000	1.41281   	290.000000	1.42563   	290.000000	0.000446833	
300.000000	1.03501   	300.000000	1.39908   	300.000000	1.40529   	300.000000	1.38595   	300.000000	1.39865   	300.000000	0.000433143	
310.000000	1.01655   	310.000000	1.3738    	310.000000	1.38017   	310.000000	1.36082   	310.000000	1.37338   	310.000000	0.000420298	
320.000000	0.999192  	320.000000	1.35008   	320.000000	1.35662   	320.000000	1.33725   	320.000000	1.34967   	320.000000	0.000408221	
330.000000	0.982848  	330.000000	1.32778   	330.000000	1.33441   	330.000000	1.31511   	330.000000	1.32738   	330.000000	0.000396844	
340.000000	0.967431  	340.000000	1.30678   	340.000000	1.31349   	340.000000	1.29428   	340.000000	1.3064    	340.000000	0.000386108	
350.000000	0.952864  	350.000000	1.28698   	350.000000	1.29386   	350.000000	1.27465   	350.000000	1.28661   	350.000000	0.000375959	
360.000000	0.939081  	360.000000	1.26828   	360.000000	1.27529   	360.000000	1.25612   	360.000000	1.26791   	360.000000	0.00036635	
370.000000	0.926022  	370.000000	1.25058   	370.000000	1.25757   	370.000000	1.23849   	370.000000	1.25023   	370.000000	0.000357238	
380.000000	0.913631  	380.000000	1.23382   	380.000000	1.24086   	380.000000	1.22181   	380.000000	1.23347   	380.000000	0.000348585	
390.000000	0.901861  	390.000000	1.21793   	390.000000	1.22504   	390.000000	1.20599   	390.000000	1.21759   	390.000000	0.000340357	
400.000000	0.890666  	400.000000	1.20283   	400.000000	1.20996   	400.000000	1.19098   	400.000000	1.2025    	400.000000	0.000332522	
410.000000	0.880008  	410.000000	1.18848   	410.000000	1.19561   	410.000000	1.17672   	410.000000	1.18816   	410.000000	0.000325054	
420.000000	0.869849  	420.000000	1.17482   	420.000000	1.18203   	420.000000	1.16316   	420.000000	1.1745    	420.000000	0.000317926	
430.000000	0.860157  	430.000000	1.16181   	430.000000	1.1691    	430.000000	1.15024   	430.000000	1.1615    	430.000000	0.000311116	
440.000000	0.850901  	440.000000	1.1494    	440.000000	1.15674   	440.000000	1.13793   	440.000000	1.1491    	440.000000	0.000304602	
450.000000	0.842054  	450.000000	1.13755   	450.000000	1.14492   	450.000000	1.12618   	450.000000	1.13726   	450.000000	0.000298365	
460.000000	0.833591  	460.000000	1.12624   	460.000000	1.13362   	460.000000	1.11496   	460.000000	1.12594   	460.000000	0.000292388	
470.000000	0.825488  	470.000000	1.11541   	470.000000	1.12283   	470.000000	1.10424   	470.000000	1.11513   	470.000000	0.000286655	
480.000000	0.817724  	480.000000	1.10506   	480.000000	1.11254   	480.000000	1.09399   	480.000000	1.10478   	480.000000	0.00028115	
490.000000	0.810278  	490.000000	1.09514   	490.000000	1.10271   	490.000000	1.08417   	490.000000	1.09486   	490.000000	0.000275861	
500.000000	0.803135  	500.000000	1.08563   	500.000000	1.09329   	500.000000	1.07477   	500.000000	1.08536   	500.000000	0.000270775	
520.000000	0.789684  	520.000000	1.06776   	520.000000	1.07553   	520.000000	1.0571    	520.000000	1.0675    	520.000000	0.000261164	
540.000000	0.777252  	540.000000	1.05128   	540.000000	1.05913   	540.000000	1.04082   	540.000000	1.05103   	540.000000	0.000252236	
560.000000	0.765734  	560.000000	1.03604   	560.000000	1.04398   	560.000000	1.02577   	560.000000	1.0358    	560.000000	0.00024392	
580.000000	0.755042  	580.000000	1.02192   	580.000000	1.02995   	580.000000	1.01184   	580.000000	1.02168   	580.000000	0.000236154	
600.000000	0.745096  	600.000000	1.00881   	600.000000	1.01693   	600.000000	0.998905  	600.000000	1.00858   	600.000000	0.000228884	
620.000000	0.735829  	620.000000	0.996612  	620.000000	1.00481   	620.000000	0.986877  	620.000000	0.99639   	620.000000	0.000222065	
640.000000	0.72718   	640.000000	0.985246  	640.000000	0.993527  	640.000000	0.97567   	640.000000	0.98503   	640.000000	0.000215654	
660.000000	0.719095  	660.000000	0.974637  	660.000000	0.982988  	660.000000	0.96521   	660.000000	0.974427  	660.000000	0.000209616	
680.000000	0.711528  	680.000000	0.964719  	680.000000	0.973135  	680.000000	0.955431  	680.000000	0.964515  	680.000000	0.000203918	
700.000000	0.704437  	700.000000	0.955436  	700.000000	0.963907  	700.000000	0.946273  	700.000000	0.955238  	700.000000	0.000198534	
720.000000	0.697784  	720.000000	0.946736  	720.000000	0.955254  	720.000000	0.937687  	720.000000	0.946542  	720.000000	0.000193436	
740.000000	0.691536  	740.000000	0.938572  	740.000000	0.947127  	740.000000	0.929624  	740.000000	0.938383  	740.000000	0.000188602	
760.000000	0.685661  	760.000000	0.930903  	760.000000	0.939486  	760.000000	0.922044  	760.000000	0.930719  	760.000000	0.000184013	
780.000000	0.680134  	780.000000	0.923693  	780.000000	0.932293  	780.000000	0.914909  	780.000000	0.923513  	780.000000	0.00017965	
800.000000	0.67493   	800.000000	0.916907  	800.000000	0.925513  	800.000000	0.908185  	800.000000	0.916731  	800.000000	0.000175496	
820.000000	0.670025  	820.000000	0.910515  	820.000000	0.919117  	820.000000	0.901842  	820.000000	0.910344  	820.000000	0.000171536	
840.000000	0.665401  	840.000000	0.90449   	840.000000	0.913077  	840.000000	0.895853  	840.000000	0.904322  	840.000000	0.000167758	
860.000000	0.661038  	860.000000	0.898807  	860.000000	0.907367  	860.000000	0.890192  	860.000000	0.898643  	860.000000	0.000164148	
880.000000	0.65692   	880.000000	0.893443  	880.000000	0.901965  	880.000000	0.884837  	880.000000	0.893282  	880.000000	0.000160696	
900.000000	0.653032  	900.000000	0.888377  	900.000000	0.89685   	900.000000	0.879766  	900.000000	0.88822   	900.000000	0.000157391	
920.000000	0.649358  	920.000000	0.88359   	920.000000	0.892002  	920.000000	0.874962  	920.000000	0.883436  	920.000000	0.000154224	
940.000000	0.645887  	940.000000	0.879065  	940.000000	0.887405  	940.000000	0.870406  	940.000000	0.878914  	940.000000	0.000151187	
960.000000	0.642607  	960.000000	0.874786  	960.000000	0.883041  	960.000000	0.866082  	960.000000	0.874638  	960.000000	0.000148271	
980.000000	0.639506  	980.000000	0.870738  	980.000000	0.878895  	980.000000	0.861977  	980.000000	0.870593  	980.000000	0.000145469	
1000.000000	0.636574  	1000.000000	0.866908  	1000.000000	0.874956  	1000.000000	0.858075  	1000.000000	0.866765  	1000.000000	0.000142775	
1020.000000	0.633802  	1020.000000	0.863282  	1020.000000	0.871212  	1020.000000	0.854366  	1020.000000	0.863142  	1020.000000	0.000140182	
1040.000000	0.631181  	1040.000000	0.85985   	1040.000000	0.867653  	1040.000000	0.850837  	1040.000000	0.859712  	1040.000000	0.000137686	
1060.000000	0.628704  	1060.000000	0.8566    	1060.000000	0.864266  	1060.000000	0.847479  	1060.000000	0.856465  	1060.000000	0.000135279	
1080.000000	0.626363  	1080.000000	0.853524  	1080.000000	0.861037  	1080.000000	0.84428   	1080.000000	0.853391  	1080.000000	0.000132959	
1100.000000	0.62415   	1100.000000	0.85061   	1100.000000	0.857955  	1100.000000	0.841232  	1100.000000	0.85048   	1100.000000	0.000130719	
1120.000000	0.62206   	1120.000000	0.847852  	1120.000000	0.855009  	1120.000000	0.838327  	1120.000000	0.847723  	1120.000000	0.000128556	
1140.000000	0.620086  	1140.000000	0.84524   	1140.000000	0.852192  	1140.000000	0.835557  	1140.000000	0.845114  	1140.000000	0.000126466	
1160.000000	0.618223  	1160.000000	0.842768  	1160.000000	0.849501  	1160.000000	0.832914  	1160.000000	0.842644  	1160.000000	0.000124446	
1180.000000	0.616465  	1180.000000	0.840429  	1180.000000	0.846933  	1180.000000	0.830391  	1180.000000	0.840307  	1180.000000	0.000122491	
1200.000000	0.614808  	1200.000000	0.838216  	1200.000000	0.844484  	1200.000000	0.827983  	1200.000000	0.838095  	1200.000000	0.000120599	
1220.000000	0.613247  	1220.000000	0.836122  	1220.000000	0.842151  	1220.000000	0.825683  	1220.000000	0.836003  	1220.000000	0.000118766	
1240.000000	0.611778  	1240.000000	0.834143  	1240.000000	0.839927  	1240.000000	0.823485  	1240.000000	0.834026  	1240.000000	0.00011699	
1260.000000	0.610395  	1260.000000	0.832272  	1260.000000	0.837805  	1260.000000	0.821386  	1260.000000	0.832157  	1260.000000	0.000115268	
1280.000000	0.609097  	1280.000000	0.830506  	1280.000000	0.835778  	1280.000000	0.819378  	1280.000000	0.830392  	1280.000000	0.000113599	
1300.000000	0.607879  	1300.000000	0.828838  	1300.000000	0.83384   	1300.000000	0.817459  	1300.000000	0.828726  	1300.000000	0.000111978	
1320.000000	0.606737  	1320.000000	0.827266  	1320.000000	0.831985  	1320.000000	0.815624  	1320.000000	0.827155  	1320.000000	0.000110405	
1340.000000	0.605669  	1340.000000	0.825784  	1340.000000	0.830209  	1340.000000	0.813868  	1340.000000	0.825675  	1340.000000	0.000108876	
1360.000000	0.604671  	1360.000000	0.824388  	1360.000000	0.82851   	1360.000000	0.812189  	1360.000000	0.824281  	1360.000000	0.000107391	
1380.000000	0.603741  	1380.000000	0.823076  	1380.000000	0.826882  	1380.000000	0.810581  	1380.000000	0.82297   	1380.000000	0.000105948	
1400.000000	0.602877  	1400.000000	0.821842  	1400.000000	0.825325  	1400.000000	0.809043  	1400.000000	0.821738  	1400.000000	0.000104544	
1420.000000	0.602074  	1420.000000	0.820685  	1420.000000	0.823834  	1420.000000	0.807571  	1420.000000	0.820582  	1420.000000	0.000103178	
1440.000000	0.601332  	1440.000000	0.819601  	1440.000000	0.822407  	1440.000000	0.806161  	1440.000000	0.819499  	1440.000000	0.000101848	
1460.000000	0.600647  	1460.000000	0.818587  	1460.000000	0.821042  	1460.000000	0.804812  	1460.000000	0.818487  	1460.000000	0.000100554	
1480.000000	0.600018  	1480.000000	0.81764   	1480.000000	0.819736  	1480.000000	0.80352   	1480.000000	0.817541  	1480.000000	9.92929e-05	
1500.000000	0.599442  	1500.000000	0.816758  	1500.000000	0.818484  	1500.000000	0.802283  	1500.000000	0.81666   	1500.000000	9.80644e-05	
1520.000000	0.598918  	1520.000000	0.815938  	1520.000000	0.817285  	1520.000000	0.801098  	1520.000000	0.815841  	1520.000000	9.6867e-05	
1540.000000	0.598444  	1540.000000	0.815178  	1540.000000	0.816136  	1540.000000	0.799963  	1540.000000	0.815082  	1540.000000	9.56994e-05	
1560.000000	0.598017  	1560.000000	0.814475  	1560.000000	0.815034  	1560.000000	0.798877  	1560.000000	0.81438   	1560.000000	9.45607e-05	
1580.000000	0.597637  	1580.000000	0.813827  	1580.000000	0.813977  	1580.000000	0.797837  	1580.000000	0.813733  	1580.000000	9.34496e-05	
1600.000000	0.597302  	1600.000000	0.813232  	1600.000000	0.812963  	1600.000000	0.796841  	1600.000000	0.81314   	1600.000000	9.23653e-05	
1620.000000	0.59701   	1620.000000	0.812689  	1620.000000	0.811989  	1620.000000	0.795887  	1620.000000	0.812598  	1620.000000	9.13067e-05	
1640.000000	0.596759  	1640.000000	0.812195  	1640.000000	0.811055  	1640.000000	0.794974  	1640.000000	0.812105  	1640.000000	9.0273e-05	
1660.000000	0.596549  	1660.000000	0.811749  	1660.000000	0.810159  	1660.000000	0.7941    	1660.000000	0.811659  	1660.000000	8.92632e-05	
1680.000000	0.596378  	1680.000000	0.811348  	1680.000000	0.8093    	1680.000000	0.793263  	1680.000000	0.81126   	1680.000000	8.82765e-05	
1700.000000	0.596245  	1700.000000	0.810992  	1700.000000	0.808478  	1700.000000	0.792462  	1700.000000	0.810905  	1700.000000	8.73121e-05	
1750.000000	0.596069  	1750.000000	0.810287  	1750.000000	0.806573  	1750.000000	0.790607  	1750.000000	0.810202  	1750.000000	8.49941e-05	
1800.000000	0.596105  	1800.000000	0.809826  	1800.000000	0.804872  	1800.000000	0.788948  	1800.000000	0.809744  	1800.000000	8.27999e-05	
1850.000000	0.596337  	1850.000000	0.809592  	1850.000000	0.803359  	1850.000000	0.787466  	1850.000000	0.809511  	1850.000000	8.07199e-05	
1900.000000	0.596751  	1900.000000	0.809566  	1900.000000	0.802013  	1900.000000	0.786146  	1900.000000	0.809487  	1900.000000	7.87453e-05	
1950.000000	0.597334  	1950.000000	0.809733  	1950.000000	0.800818  	1950.000000	0.784972  	1950.000000	0.809656  	1950.000000	7.68682e-05	
2000.000000	0.598075  	2000.000000	0.810077  	2000.000000	0.799758  	2000.000000	0.783931  	2000.000000	0.810002  	2000.000000	7.50814e-05	
2100.000000	0.59999   	2100.000000	0.811248  	2100.000000	0.797995  	2100.000000	0.782208  	2100.000000	0.811177  	2100.000000	7.17537e-05	
2200.000000	0.602425  	2200.000000	0.812991  	2200.000000	0.796641  	2200.000000	0.780895  	2200.000000	0.812922  	2200.000000	6.87176e-05	
2300.000000	0.605319  	2300.000000	0.81523   	2300.000000	0.795633  	2300.000000	0.779929  	2300.000000	0.815164  	2300.000000	6.59358e-05	
2400.000000	0.608623  	2400.000000	0.817903  	2400.000000	0.794918  	2400.000000	0.779257  	2400.000000	0.81784   	2400.000000	6.33775e-05	
2500.000000	0.612293  	2500.000000	0.820959  	2500.000000	0.794455  	2500.000000	0.778835  	2500.000000	0.820898  	2500.000000	6.10165e-05	
2600.000000	0.616294  	2600.000000	0.824352  	2600.000000	0.794209  	2600.000000	0.778625  	2600.000000	0.824293  	2600.000000	5.88304e-05	
2700.000000	0.620595  	2700.000000	0.828044  	2700.000000	0.79415   	2700.000000	0.778598  	2700.000000	0.827988  	2700.000000	5.68005e-05	
2800.000000	0.625169  	2800.000000	0.832004  	2800.000000	0.794254  	2800.000000	0.778727  	2800.000000	0.831949  	2800.000000	5.49104e-05	
2900.000000	0.629992  	2900.000000	0.836203  	2900.000000	0.794498  	2900.000000	0.778991  	2900.000000	0.83615   	2900.000000	5.31459e-05	
3000.000000	0.635045  	3000.000000	0.840616  	3000.000000	0.794863  	3000.000000	0.779371  	3000.000000	0.840565  	3000.000000	5.14948e-05	
3200.000000	0.645772  	3200.000000	0.850005  	3200.000000	0.795886  	3200.000000	0.780418  	3200.000000	0.849956  	3200.000000	4.84913e-05	
3400.000000	0.65723   	3400.000000	0.860029  	3400.000000	0.797204  	3400.000000	0.781764  	3400.000000	0.859984  	3400.000000	4.58289e-05	
3600.000000	0.669327  	3600.000000	0.870581  	3600.000000	0.798737  	3600.000000	0.783334  	3600.000000	0.870537  	3600.000000	4.34521e-05	
3800.000000	0.681991  	3800.000000	0.881572  	3800.000000	0.800426  	3800.000000	0.785071  	3800.000000	0.881531  	3800.000000	4.13168e-05	
4000.000000	0.69516   	4000.000000	0.892935  	4000.000000	0.802232  	4000.000000	0.78693   	4000.000000	0.892895  	4000.000000	3.93876e-05	
4200.000000	0.708788  	4200.000000	0.904612  	4200.000000	0.804131  	4200.000000	0.788878  	4200.000000	0.904575  	4200.000000	3.76359e-05	
4400.000000	0.722834  	4400.000000	0.916559  	4400.000000	0.8061    	4400.000000	0.790888  	4400.000000	0.916523  	4400.000000	3.60378e-05	
4600.000000	0.737264  	4600.000000	0.928738  	4600.000000	0.808122  	4600.000000	0.792942  	4600.000000	0.928703  	4600.000000	3.4574e-05	
4800.000000	0.752052  	4800.000000	0.941117  	4800.000000	0.810179  	4800.000000	0.795022  	4800.000000	0.941084  	4800.000000	3.32279e-05	
5000.000000	0.767173  	5000.000000	0.95367   	5000.000000	0.81226   	5000.000000	0.797116  	5000.000000	0.953638  	5000.000000	3.19858e-05	
5250.000000	0.786513  	5250.000000	0.969573  	5250.000000	0.814878  	5250.000000	0.799739  	5250.000000	0.969542  	5250.000000	3.05617e-05	
5500.000000	0.806309  	5500.000000	0.985676  	5500.000000	0.817498  	5500.000000	0.802355  	5500.000000	0.985647  	5500.000000	2.92627e-05	
6000.000000	0.847169  	6000.000000	1.01837   	6000.000000	0.822687  	6000.000000	0.807525  	6000.000000	1.01835   	6000.000000	2.69787e-05	
6500.000000	0.88958   	6500.000000	1.05158   	6500.000000	0.827696  	6500.000000	0.812568  	6500.000000	1.05155   	6500.000000	2.50347e-05	
7000.000000	0.933421  	7000.000000	1.08516   	7000.000000	0.832551  	7000.000000	0.817457  	7000.000000	1.08514   	7000.000000	2.33593e-05	
7500.000000	0.978599  	7500.000000	1.11903   	7500.000000	0.837191  	7500.000000	0.822177  	7500.000000	1.11901   	7500.000000	2.19001e-05	
8000.000000	1.02505   	8000.000000	1.15311   	8000.000000	0.841709  	8000.000000	0.826726  	8000.000000	1.15309   	8000.000000	2.06173e-05	
8500.000000	1.07271   	8500.000000	1.18735   	8500.000000	0.846075  	8500.000000	0.831105  	8500.000000	1.18734   	8500.000000	1.94805e-05	
9000.000000	1.12155   	9000.000000	1.22172   	9000.000000	0.850264  	9000.000000	0.835318  	9000.000000	1.22171   	9000.000000	1.8466e-05	
9500.000000	1.17153   	9500.000000	1.25618   	9500.000000	0.854291  	9500.000000	0.839373  	9500.000000	1.25617   	9500.000000	1.75547e-05	
10000.000000	1.22263   	10000.000000	1.29071   	10000.000000	0.858166  	10000.000000	0.843276  	10000.000000	1.2907    	10000.000000	1.67317e-05	
11000.000000	1.32811   	11000.000000	1.35991   	11000.000000	0.865489  	11000.000000	0.850659  	11000.000000	1.35989   	11000.000000	1.5303e-05	
12000.000000	1.43785   	12000.000000	1.4292    	12000.000000	0.872288  	12000.000000	0.857529  	12000.000000	1.42918   	12000.000000	1.4105e-05	
13000.000000	1.55177   	13000.000000	1.4985    	13000.000000	0.878615  	13000.000000	0.86394   	13000.000000	1.49849   	13000.000000	1.30856e-05	
14000.000000	1.66983   	14000.000000	1.56779   	14000.000000	0.884522  	14000.000000	0.869943  	14000.000000	1.56777   	14000.000000	1.22073e-05	
15000.000000	1.79198   	15000.000000	1.63701   	15000.000000	0.89006   	15000.000000	0.875582  	15000.000000	1.637     	15000.000000	1.14425e-05	
16000.000000	1.91819   	16000.000000	1.70616   	16000.000000	0.895271  	16000.000000	0.880895  	16000.000000	1.70615   	16000.000000	1.07704e-05	
17000.000000	2.04847   	17000.000000	1.77521   	17000.000000	0.900194  	17000.000000	0.885914  	17000.000000	1.7752    	17000.000000	1.01748e-05	
18000.000000	2.18279   	18000.000000	1.84417   	18000.000000	0.904859  	18000.000000	0.890668  	18000.000000	1.84416   	18000.000000	9.64341e-06	
19000.000000	2.32116   	19000.000000	1.91301   	19000.000000	0.909289  	19000.000000	0.895182  	19000.000000	1.913     	19000.000000	9.16619e-06	
20000.000000	2.46357   	20000.000000	1.98174   	20000.000000	0.913509  	20000.000000	0.899477  	20000.000000	1.98174   	20000.000000	8.73522e-06	
21000.000000	2.61005   	21000.000000	2.05037   	21000.000000	0.917522  	21000.000000	0.903573  	21000.000000	2.05036   	21000.000000	8.34402e-06	
22000.000000	2.76058   	22000.000000	2.11887   	22000.000000	0.92132   	22000.000000	0.907487  	22000.000000	2.11887   	22000.000000	7.98728e-06	
23000.000000	2.91519   	23000.000000	2.18727   	23000.000000	0.924943  	23000.000000	0.911234  	23000.000000	2.18726   	23000.000000	7.66061e-06	
24000.000000	3.07389   	24000.000000	2.25555   	24000.000000	0.928412  	24000.000000	0.914826  	24000.000000	2.25554   	24000.000000	7.36032e-06	
25000.000000	3.23668   	25000.000000	2.32372   	25000.000000	0.931739  	25000.000000	0.918275  	25000.000000	2.32372   	25000.000000	7.08331e-06	
26000.000000	3.40359   	26000.000000	2.39179   	26000.000000	0.93493   	26000.000000	0.921592  	26000.000000	2.39178   	26000.000000	6.82695e-06	
27000.000000	3.57463   	27000.000000	2.45974   	27000.000000	0.937993  	27000.000000	0.924786  	27000.000000	2.45973   	27000.000000	6.589e-06 	
28000.000000	3.74983   	28000.000000	2.52759   	28000.000000	0.940934  	28000.000000	0.927866  	28000.000000	2.52758   	28000.000000	6.36752e-06	
29000.000000	3.92918   	29000.000000	2.59534   	29000.000000	0.94376   	29000.000000	0.93084   	29000.000000	2.59533   	29000.000000	6.16085e-06	
30000.000000	4.11272   	30000.000000	2.66298   	30000.000000	0.94648   	30000.000000	0.933714  	30000.000000	2.66298   	30000.000000	5.96753e-06	
32000.000000	4.49244   	32000.000000	2.79798   	32000.000000	0.951645  	32000.000000	0.939186  	32000.000000	2.79797   	32000.000000	5.61606e-06	
34000.000000	4.88912   	34000.000000	2.9326    	34000.000000	0.956485  	34000.000000	0.944328  	34000.000000	2.93259   	34000.000000	5.3047e-06	
36000.000000	5.30295   	36000.000000	3.06685   	36000.000000	0.96101   	36000.000000	0.949177  	36000.000000	3.06685   	36000.000000	5.02692e-06	
38000.000000	5.73409   	38000.000000	3.20076   	38000.000000	0.965241  	38000.000000	0.953763  	38000.000000	3.20076   	38000.000000	4.77751e-06	
40000.000000	6.18272   	40000.000000	3.33434   	40000.000000	0.969213  	40000.000000	0.958112  	40000.000000	3.33434   	40000.000000	4.5523e-06	
42000.000000	6.64902   	42000.000000	3.4676    	42000.000000	0.972958  	42000.000000	0.962248  	42000.000000	3.4676    	42000.000000	4.34791e-06	
44000.000000	7.13316   	44000.000000	3.60056   	44000.000000	0.976507  	44000.000000	0.96619   	44000.000000	3.60056   	44000.000000	4.16154e-06	
46000.000000	7.63535   	46000.000000	3.73323   	46000.000000	0.979883  	46000.000000	0.969955  	46000.000000	3.73322   	46000.000000	3.99091e-06	
48000.000000	8.15576   	48000.000000	3.86561   	48000.000000	0.983098  	48000.000000	0.973558  	48000.000000	3.86561   	48000.000000	3.83407e-06	
50000.000000	8.69458   	50000.000000	3.99773   	50000.000000	0.986144  	50000.000000	0.977012  	50000.000000	3.99773   	50000.000000	3.68941e-06	
