Energy (MeV/u)1	0 - [He-base] F.Hubert et al, AD&ND Tables 46(1990)1	Energy (MeV/u)2	1 - [H -base] J.F.Ziegler et al, Pergamon Press, NY (low energy)	Energy (MeV/u)3	2 - ATIMA 1.2  LS-theory (recommended for high energy)	Energy (MeV/u)4	3 - ATIMA 1.2  without LS-correction	Energy (MeV/u)5	4 - electrical component of [1] - J.F.Ziegler et al	Energy (MeV/u)6	5 - nuclear component of [1] - J.F.Ziegler et al	
0.001000	5.42181   	0.001000	5.90351   	0.001000	5.90356   	0.001000	5.90356   	0.001000	1.52224   	0.001000	4.38127   	
0.002000	5.49978   	0.002000	5.59072   	0.002000	5.7694    	0.002000	5.7694    	0.002000	1.97411   	0.002000	3.61662   	
0.005000	5.75463   	0.005000	5.22323   	0.005000	5.84346   	0.005000	5.84346   	0.005000	2.78354   	0.005000	2.43968   	
0.008000	6.08921   	0.008000	5.21136   	0.008000	6.19677   	0.008000	6.19677   	0.008000	3.32004   	0.008000	1.89132   	
0.010000	6.31684   	0.010000	5.26843   	0.010000	6.47225   	0.010000	6.47225   	0.010000	3.60981   	0.010000	1.65862   	
0.015000	7.19      	0.015000	5.4899    	0.015000	7.18274   	0.015000	7.18274   	0.015000	4.2026    	0.015000	1.28729   	
0.020000	8.02409   	0.020000	5.74576   	0.020000	7.87188   	0.020000	7.87188   	0.020000	4.68134   	0.020000	1.06442   	
0.025000	9.00822   	0.025000	6.05231   	0.025000	8.52373   	0.025000	8.52373   	0.025000	5.13858   	0.025000	0.913733  	
0.030000	9.91152   	0.030000	7.26992   	0.030000	9.28994   	0.030000	9.28994   	0.030000	6.46579   	0.030000	0.804134  	
0.035000	10.7085   	0.035000	8.46467   	0.035000	10.0523   	0.035000	10.0523   	0.035000	7.75088   	0.035000	0.713794  	
0.040000	11.3974   	0.040000	9.61175   	0.040000	10.8196   	0.040000	10.8196   	0.040000	8.96362   	0.040000	0.648132  	
0.045000	11.9656   	0.045000	10.6926   	0.045000	11.5811   	0.045000	11.5811   	0.045000	10.098    	0.045000	0.594592  	
0.050000	12.4013   	0.050000	11.7122   	0.050000	12.334    	0.050000	12.334    	0.050000	11.1622   	0.050000	0.550006  	
0.055000	13.0617   	0.055000	12.6805   	0.055000	13.0764   	0.055000	13.0764   	0.055000	12.1683   	0.055000	0.512237  	
0.060000	13.6516   	0.060000	13.6072   	0.060000	13.8064   	0.060000	13.8064   	0.060000	13.1274   	0.060000	0.479786  	
0.070000	14.6306   	0.070000	15.22     	0.070000	15.2236   	0.070000	15.2236   	0.070000	14.7932   	0.070000	0.426788  	
0.080000	15.6797   	0.080000	16.7077   	0.080000	16.576    	0.080000	16.576    	0.080000	16.3225   	0.080000	0.385221  	
0.090000	16.5601   	0.090000	18.0973   	0.090000	17.8571   	0.090000	17.8571   	0.090000	17.7456   	0.090000	0.351656  	
0.100000	17.3085   	0.100000	19.3904   	0.100000	19.0626   	0.100000	19.0626   	0.100000	19.0665   	0.100000	0.323927  	
0.120000	18.1025   	0.120000	21.6951   	0.120000	21.2398   	0.120000	21.2398   	0.120000	21.4145   	0.120000	0.280663  	
0.140000	18.7469   	0.140000	23.6794   	0.140000	23.1081   	0.140000	23.1081   	0.140000	23.4311   	0.140000	0.24834   	
0.160000	19.317    	0.160000	25.4159   	0.160000	24.686    	0.160000	24.686    	0.160000	25.1927   	0.160000	0.223188  	
0.180000	19.8688   	0.180000	26.8833   	0.180000	26.0018   	0.180000	26.0018   	0.180000	26.6803   	0.180000	0.203008  	
0.200000	20.4281   	0.200000	28.1272   	0.200000	27.0882   	0.200000	27.0882   	0.200000	27.9407   	0.200000	0.186425  	
0.250000	21.2462   	0.250000	30.4949   	0.250000	29.0133   	0.250000	29.0133   	0.250000	30.3395   	0.250000	0.15544   	
0.300000	22.4195   	0.300000	32.7617   	0.300000	30.1515   	0.300000	30.1515   	0.300000	32.6279   	0.300000	0.133823  	
0.350000	23.4071   	0.350000	34.41     	0.350000	30.8159   	0.350000	30.8159   	0.350000	34.2922   	0.350000	0.117814  	
0.400000	24.225    	0.400000	35.5581   	0.400000	31.2023   	0.400000	31.2023   	0.400000	35.4527   	0.400000	0.105444  	
0.450000	24.9421   	0.450000	36.3525   	0.450000	32.6612   	0.450000	32.6612   	0.450000	36.2569   	0.450000	0.0955751 	
0.500000	25.7741   	0.500000	37.3444   	0.500000	33.853    	0.500000	33.853    	0.500000	37.2569   	0.500000	0.0875049 	
0.600000	26.0872   	0.600000	38.6498   	0.600000	34.4773   	0.600000	34.4773   	0.600000	38.5748   	0.600000	0.0750655 	
0.700000	25.8903   	0.700000	39.2799   	0.700000	34.5175   	0.700000	34.5175   	0.700000	39.214    	0.700000	0.0658962 	
0.800000	26.3462   	0.800000	39.4457   	0.800000	34.4089   	0.800000	34.4089   	0.800000	39.3869   	0.800000	0.0588373 	
0.900000	26.5484   	0.900000	39.2506   	0.900000	34.2083   	0.900000	34.2083   	0.900000	39.1974   	0.900000	0.0532235 	
1.000000	26.6106   	1.000000	38.9035   	1.000000	33.946    	1.000000	33.946    	1.000000	38.8548   	1.000000	0.0486449 	
1.250000	26.3139   	1.250000	37.6828   	1.250000	33.1259   	1.250000	33.1259   	1.250000	37.6426   	1.250000	0.0401759 	
1.500000	25.5001   	1.500000	35.9222   	1.500000	31.9099   	1.500000	31.9099   	1.500000	35.8879   	1.500000	0.0343378 	
1.750000	24.5601   	1.750000	34.1493   	1.750000	30.7336   	1.750000	30.7336   	1.750000	34.1192   	1.750000	0.0300541 	
2.000000	23.5555   	2.000000	32.3936   	2.000000	29.653    	2.000000	29.653    	2.000000	32.3669   	2.000000	0.0267686 	
2.250000	22.6571   	2.250000	30.8529   	2.250000	28.6497   	2.250000	28.6497   	2.250000	30.8287   	2.250000	0.0241638 	
2.500000	24.935    	2.500000	29.3699   	2.500000	27.7132   	2.500000	27.7132   	2.500000	29.3479   	2.500000	0.0220449 	
3.000000	23.223    	3.000000	27.0484   	3.000000	26.0126   	3.000000	26.0126   	3.000000	27.0296   	3.000000	0.0187997 	
3.500000	21.7035   	3.500000	25.2509   	3.500000	24.5083   	3.500000	24.5083   	3.500000	25.2345   	3.500000	0.0164249 	
4.000000	20.3629   	4.000000	23.7062   	4.000000	23.1688   	4.000000	23.1688   	4.000000	23.6916   	4.000000	0.0146074 	
4.500000	19.1785   	4.500000	22.3575   	4.500000	21.9691   	4.500000	21.9691   	4.500000	22.3443   	4.500000	0.0131691 	
5.000000	18.1278   	5.000000	21.1588   	5.000000	20.8886   	5.000000	20.8886   	5.000000	21.1468   	5.000000	0.0120009 	
5.500000	17.1907   	5.500000	20.0851   	5.500000	19.9107   	5.500000	19.9107   	5.500000	20.0741   	5.500000	0.0110322 	
6.000000	16.3506   	6.000000	19.1168   	6.000000	19.0215   	6.000000	19.0215   	6.000000	19.1066   	6.000000	0.0102153 	
6.500000	15.5936   	6.500000	18.2381   	6.500000	18.2093   	6.500000	18.2093   	6.500000	18.2286   	6.500000	0.00951638	
7.000000	14.9079   	7.000000	17.4372   	7.000000	17.4646   	7.000000	17.4646   	7.000000	17.4282   	7.000000	0.00891136	
7.500000	14.2841   	7.500000	16.704    	7.500000	16.7792   	7.500000	16.7792   	7.500000	16.6956   	7.500000	0.0083822 	
8.000000	13.7141   	8.000000	16.0304   	8.000000	16.1463   	8.000000	16.1463   	8.000000	16.0225   	8.000000	0.00791525	
8.500000	13.1913   	8.500000	15.4094   	8.500000	15.56     	8.500000	15.56     	8.500000	15.4019   	8.500000	0.00749999	
9.000000	12.7098   	9.000000	14.8349   	9.000000	15.0153   	9.000000	15.0153   	9.000000	14.8277   	9.000000	0.00712815	
9.500000	12.2651   	9.500000	14.3019   	9.500000	14.508    	9.500000	14.508    	9.500000	14.2951   	9.500000	0.00679316	
10.000000	11.8529   	10.000000	13.2317   	10.000000	14.0341   	10.000000	14.0341   	10.000000	13.2252   	10.000000	0.0064897 	
11.000000	11.1128   	11.000000	12.543    	11.000000	13.1287   	11.000000	13.1868   	11.000000	12.537    	11.000000	0.00596089	
12.000000	10.4669   	12.000000	11.9209   	12.000000	12.3387   	12.000000	12.4403   	12.000000	11.9154   	12.000000	0.00551532	
13.000000	9.89808   	13.000000	11.3574   	13.000000	11.6439   	13.000000	11.7781   	13.000000	11.3523   	13.000000	0.00513453	
14.000000	9.39304   	14.000000	10.8452   	14.000000	11.0283   	14.000000	11.1871   	14.000000	10.8404   	14.000000	0.00480514	
15.000000	8.9415    	15.000000	10.378    	15.000000	10.4795   	15.000000	10.6567   	15.000000	10.3735   	15.000000	0.00451726	
16.000000	8.53525   	16.000000	9.95035   	16.000000	9.98769   	16.000000	10.1783   	16.000000	9.94609   	16.000000	0.0042634 	
17.000000	8.16769   	17.000000	9.55767   	17.000000	9.54483   	17.000000	9.74509   	17.000000	9.55364   	17.000000	0.00403778	
18.000000	7.83346   	18.000000	9.19595   	18.000000	9.14405   	18.000000	9.35108   	18.000000	9.19212   	18.000000	0.00383588	
19.000000	7.52814   	19.000000	8.86175   	19.000000	8.7799    	19.000000	8.99149   	19.000000	8.8581    	19.000000	0.00365407	
20.000000	7.24808   	20.000000	8.5521    	20.000000	8.44796   	20.000000	8.66224   	20.000000	8.54862   	20.000000	0.00348947	
21.000000	6.99022   	21.000000	8.26445   	21.000000	8.14436   	21.000000	8.35986   	21.000000	8.26111   	21.000000	0.0033397 	
22.000000	6.75196   	22.000000	7.99656   	22.000000	7.86579   	22.000000	8.08142   	22.000000	7.99336   	22.000000	0.00320282	
23.000000	6.53113   	23.000000	7.74649   	23.000000	7.60952   	23.000000	7.82437   	23.000000	7.74341   	23.000000	0.00307721	
24.000000	6.32583   	24.000000	7.51253   	24.000000	7.37327   	24.000000	7.58654   	24.000000	7.50957   	24.000000	0.00296151	
25.000000	6.13447   	25.000000	7.2932    	25.000000	7.15504   	25.000000	7.36603   	25.000000	7.29034   	25.000000	0.00285458	
27.000000	5.78812   	27.000000	6.89328   	27.000000	6.76555   	27.000000	6.97055   	27.000000	6.89061   	27.000000	0.00266325	
29.000000	5.48294   	29.000000	6.53789   	29.000000	6.42917   	29.000000	6.62695   	29.000000	6.53539   	29.000000	0.00249697	
31.000000	5.21187   	31.000000	6.22001   	31.000000	6.12782   	31.000000	6.30865   	31.000000	6.21766   	31.000000	0.00235106	
33.000000	4.96942   	33.000000	5.93404   	33.000000	5.84984   	33.000000	6.00786   	33.000000	5.93182   	33.000000	0.00222194	
35.000000	4.75119   	35.000000	5.67542   	35.000000	5.59804   	35.000000	5.73698   	35.000000	5.67331   	35.000000	0.00210684	
38.000000	4.46178   	38.000000	5.33077   	38.000000	5.26245   	38.000000	5.37764   	38.000000	5.32882   	38.000000	0.00195578	
41.000000	4.20985   	41.000000	5.0294    	41.000000	4.96897   	41.000000	5.06492   	41.000000	5.02757   	41.000000	0.00182576	
44.000000	3.98845   	44.000000	4.76363   	44.000000	4.71016   	44.000000	4.79028   	44.000000	4.76192   	44.000000	0.0017126 	
47.000000	3.79226   	47.000000	4.52753   	47.000000	4.47958   	47.000000	4.54714   	47.000000	4.52592   	47.000000	0.00161319	
50.000000	3.61713   	50.000000	4.31639   	50.000000	4.27336   	50.000000	4.33036   	50.000000	4.31486   	50.000000	0.00152514	
55.000000	3.36345   	55.000000	4.01007   	55.000000	3.97425   	55.000000	4.01693   	55.000000	4.00867   	55.000000	0.00139872	
60.000000	3.14797   	60.000000	3.74962   	60.000000	3.71939   	60.000000	3.7514    	60.000000	3.74833   	60.000000	0.00129239	
65.000000	2.96253   	65.000000	3.52546   	65.000000	3.49984   	65.000000	3.52353   	65.000000	3.52426   	65.000000	0.00120167	
70.000000	2.80115   	70.000000	3.33047   	70.000000	3.30873   	70.000000	3.3258    	70.000000	3.32935   	70.000000	0.00112331	
75.000000	2.65935   	75.000000	3.15931   	75.000000	3.14096   	75.000000	3.15259   	75.000000	3.15825   	75.000000	0.00105492	
80.000000	2.53371   	80.000000	3.00784   	80.000000	2.99221   	80.000000	2.99957   	80.000000	3.00685   	80.000000	0.000994677	
85.000000	2.42156   	85.000000	2.87285   	85.000000	2.85968   	85.000000	2.86339   	85.000000	2.8719    	85.000000	0.000941201	
90.000000	2.3208    	90.000000	2.75177   	90.000000	2.74054   	90.000000	2.74141   	90.000000	2.75087   	90.000000	0.000893395	
95.000000	2.22973   	95.000000	2.64255   	95.000000	2.63311   	95.000000	2.6315    	95.000000	2.6417    	95.000000	0.000850391	
100.000000	2.14701   	100.000000	2.54353   	100.000000	2.53545   	100.000000	2.53195   	100.000000	2.54272   	100.000000	0.000811492	
105.000000	2.0715    	105.000000	2.45334   	105.000000	2.44682   	105.000000	2.44136   	105.000000	2.45256   	105.000000	0.000776129	
110.000000	2.00229   	110.000000	2.37084   	110.000000	2.36531   	110.000000	2.35856   	110.000000	2.37009   	110.000000	0.000743836	
115.000000	1.93859   	115.000000	2.29508   	115.000000	2.29059   	115.000000	2.28259   	115.000000	2.29436   	115.000000	0.000714223	
120.000000	1.87977   	120.000000	2.22527   	120.000000	2.22173   	120.000000	2.21262   	120.000000	2.22458   	120.000000	0.000686967	
125.000000	1.82527   	125.000000	2.16073   	125.000000	2.15799   	125.000000	2.14798   	125.000000	2.16007   	125.000000	0.000661794	
130.000000	1.77461   	130.000000	2.10089   	130.000000	2.09908   	130.000000	2.08808   	130.000000	2.10025   	130.000000	0.000638469	
135.000000	1.7274    	135.000000	2.04524   	135.000000	2.04417   	135.000000	2.03241   	135.000000	2.04463   	135.000000	0.000616796	
140.000000	1.68329   	140.000000	1.99337   	140.000000	1.9928    	140.000000	1.98054   	140.000000	1.99277   	140.000000	0.000596601	
145.000000	1.64198   	145.000000	1.94489   	145.000000	1.94481   	145.000000	1.93209   	145.000000	1.94431   	145.000000	0.000577736	
150.000000	1.60319   	150.000000	1.89948   	150.000000	1.90002   	150.000000	1.88674   	150.000000	1.89892   	150.000000	0.000560074	
155.000000	1.54842   	155.000000	1.85687   	155.000000	1.85788   	155.000000	1.8442    	155.000000	1.85633   	155.000000	0.0005435 	
160.000000	1.51639   	160.000000	1.8168    	160.000000	1.81819   	160.000000	1.80421   	160.000000	1.81627   	160.000000	0.000527916	
165.000000	1.48617   	165.000000	1.77904   	165.000000	1.78083   	165.000000	1.76655   	165.000000	1.77853   	165.000000	0.000513235	
170.000000	1.4576    	170.000000	1.74341   	170.000000	1.74558   	170.000000	1.73102   	170.000000	1.74291   	170.000000	0.000499379	
175.000000	1.43057   	175.000000	1.70973   	175.000000	1.71226   	175.000000	1.69746   	175.000000	1.70924   	175.000000	0.000486281	
180.000000	1.40493   	180.000000	1.67784   	180.000000	1.68073   	180.000000	1.66569   	180.000000	1.67736   	180.000000	0.000473877	
185.000000	1.3806    	185.000000	1.6476    	185.000000	1.65083   	185.000000	1.63559   	185.000000	1.64714   	185.000000	0.000462115	
190.000000	1.35746   	190.000000	1.61889   	190.000000	1.62245   	190.000000	1.60702   	190.000000	1.61844   	190.000000	0.000450945	
195.000000	1.33543   	195.000000	1.5916    	195.000000	1.5955    	195.000000	1.57987   	195.000000	1.59116   	195.000000	0.000440323	
200.000000	1.31444   	200.000000	1.56562   	200.000000	1.56984   	200.000000	1.55404   	200.000000	1.56519   	200.000000	0.000430208	
210.000000	1.27527   	210.000000	1.51724   	210.000000	1.52191   	210.000000	1.50597   	210.000000	1.51683   	210.000000	0.000411362	
220.000000	1.23946   	220.000000	1.47312   	220.000000	1.47835   	220.000000	1.46217   	220.000000	1.47272   	220.000000	0.000394156	
230.000000	1.20658   	230.000000	1.4327    	230.000000	1.43838   	230.000000	1.42209   	230.000000	1.43233   	230.000000	0.000378383	
240.000000	1.17628   	240.000000	1.39556   	240.000000	1.40163   	240.000000	1.38528   	240.000000	1.3952    	240.000000	0.000363869	
250.000000	1.14828   	250.000000	1.36131   	250.000000	1.36777   	250.000000	1.35137   	250.000000	1.36096   	250.000000	0.000350466	
260.000000	1.12233   	260.000000	1.32962   	260.000000	1.33647   	260.000000	1.32003   	260.000000	1.32928   	260.000000	0.000338052	
270.000000	1.09819   	270.000000	1.30022   	270.000000	1.30745   	270.000000	1.29098   	270.000000	1.2999    	270.000000	0.000326518	
280.000000	1.0757    	280.000000	1.27289   	280.000000	1.28049   	280.000000	1.26399   	280.000000	1.27257   	280.000000	0.000315773	
290.000000	1.05468   	290.000000	1.2474    	290.000000	1.25536   	290.000000	1.23885   	290.000000	1.24709   	290.000000	0.000305739	
300.000000	1.03501   	300.000000	1.22358   	300.000000	1.2319    	300.000000	1.21538   	300.000000	1.22328   	300.000000	0.000296345	
310.000000	1.01655   	310.000000	1.20127   	310.000000	1.20996   	310.000000	1.19342   	310.000000	1.20098   	310.000000	0.000287532	
320.000000	0.999192  	320.000000	1.18034   	320.000000	1.18938   	320.000000	1.17284   	320.000000	1.18007   	320.000000	0.000279247	
330.000000	0.982848  	330.000000	1.16067   	330.000000	1.16999   	330.000000	1.15351   	330.000000	1.1604    	330.000000	0.000271443	
340.000000	0.967431  	340.000000	1.14215   	340.000000	1.15173   	340.000000	1.13533   	340.000000	1.14189   	340.000000	0.000264079	
350.000000	0.952864  	350.000000	1.12468   	350.000000	1.1346    	350.000000	1.11819   	350.000000	1.12442   	350.000000	0.000257119	
360.000000	0.939081  	360.000000	1.10818   	360.000000	1.1184    	360.000000	1.10202   	360.000000	1.10793   	360.000000	0.000250529	
370.000000	0.926022  	370.000000	1.09257   	370.000000	1.10304   	370.000000	1.08674   	370.000000	1.09233   	370.000000	0.00024428	
380.000000	0.913631  	380.000000	1.07778   	380.000000	1.08855   	380.000000	1.07228   	380.000000	1.07755   	380.000000	0.000238347	
390.000000	0.901861  	390.000000	1.06376   	390.000000	1.07485   	390.000000	1.05858   	390.000000	1.06353   	390.000000	0.000232706	
400.000000	0.890666  	400.000000	1.05045   	400.000000	1.06179   	400.000000	1.04558   	400.000000	1.05022   	400.000000	0.000227335	
410.000000	0.880008  	410.000000	1.03779   	410.000000	1.04937   	410.000000	1.03324   	410.000000	1.03757   	410.000000	0.000222215	
420.000000	0.869849  	420.000000	1.02574   	420.000000	1.03761   	420.000000	1.0215    	420.000000	1.02552   	420.000000	0.000217329	
430.000000	0.860157  	430.000000	1.01426   	430.000000	1.02643   	430.000000	1.01032   	430.000000	1.01405   	430.000000	0.000212661	
440.000000	0.850901  	440.000000	1.00332   	440.000000	1.01575   	440.000000	0.999674  	440.000000	1.00311   	440.000000	0.000208197	
450.000000	0.842054  	450.000000	0.992873  	450.000000	1.00552   	450.000000	0.98952   	450.000000	0.992669  	450.000000	0.000203923	
460.000000	0.833591  	460.000000	0.982893  	460.000000	0.995761  	460.000000	0.979827  	460.000000	0.982693  	460.000000	0.000199827	
470.000000	0.825488  	470.000000	0.97335   	470.000000	0.986444  	470.000000	0.970567  	470.000000	0.973154  	470.000000	0.000195898	
480.000000	0.817724  	480.000000	0.964219  	480.000000	0.97756   	480.000000	0.961714  	480.000000	0.964027  	480.000000	0.000192127	
490.000000	0.810278  	490.000000	0.955474  	490.000000	0.969079  	490.000000	0.953241  	490.000000	0.955286  	490.000000	0.000188503	
500.000000	0.803135  	500.000000	0.947093  	500.000000	0.960954  	500.000000	0.945128  	500.000000	0.946908  	500.000000	0.000185018	
520.000000	0.789684  	520.000000	0.931343  	520.000000	0.945636  	520.000000	0.929897  	520.000000	0.931164  	520.000000	0.000178434	
540.000000	0.777252  	540.000000	0.916818  	540.000000	0.931509  	540.000000	0.915871  	540.000000	0.916646  	540.000000	0.000172319	
560.000000	0.765734  	560.000000	0.903392  	560.000000	0.918478  	560.000000	0.902923  	560.000000	0.903225  	560.000000	0.000166623	
580.000000	0.755042  	580.000000	0.890954  	580.000000	0.906415  	580.000000	0.890943  	580.000000	0.890792  	580.000000	0.000161304	
600.000000	0.745096  	600.000000	0.879407  	600.000000	0.895228  	600.000000	0.879834  	600.000000	0.879251  	600.000000	0.000156326	
620.000000	0.735829  	620.000000	0.868669  	620.000000	0.884834  	620.000000	0.869513  	620.000000	0.868517  	620.000000	0.000151657	
640.000000	0.72718   	640.000000	0.858665  	640.000000	0.875157  	640.000000	0.859906  	640.000000	0.858517  	640.000000	0.000147268	
660.000000	0.719095  	660.000000	0.849329  	660.000000	0.866133  	660.000000	0.850948  	660.000000	0.849186  	660.000000	0.000143134	
680.000000	0.711528  	680.000000	0.840606  	680.000000	0.857705  	680.000000	0.842583  	680.000000	0.840466  	680.000000	0.000139234	
700.000000	0.704437  	700.000000	0.832443  	700.000000	0.84982   	700.000000	0.834759  	700.000000	0.832307  	700.000000	0.000135548	
720.000000	0.697784  	720.000000	0.824795  	720.000000	0.842435  	720.000000	0.827431  	720.000000	0.824663  	720.000000	0.000132059	
740.000000	0.691536  	740.000000	0.817621  	740.000000	0.835508  	740.000000	0.820558  	740.000000	0.817492  	740.000000	0.000128751	
760.000000	0.685661  	760.000000	0.810885  	760.000000	0.829004  	760.000000	0.814106  	760.000000	0.81076   	760.000000	0.000125611	
780.000000	0.680134  	780.000000	0.804554  	780.000000	0.822888  	780.000000	0.80804   	780.000000	0.804432  	780.000000	0.000122625	
800.000000	0.67493   	800.000000	0.798599  	800.000000	0.817132  	800.000000	0.802331  	800.000000	0.798479  	800.000000	0.000119783	
820.000000	0.670025  	820.000000	0.792992  	820.000000	0.811709  	820.000000	0.796954  	820.000000	0.792875  	820.000000	0.000117074	
840.000000	0.665401  	840.000000	0.787709  	840.000000	0.806595  	840.000000	0.791884  	840.000000	0.787595  	840.000000	0.000114489	
860.000000	0.661038  	860.000000	0.782729  	860.000000	0.801768  	860.000000	0.787099  	860.000000	0.782617  	860.000000	0.00011202	
880.000000	0.65692   	880.000000	0.77803   	880.000000	0.797209  	880.000000	0.782579  	880.000000	0.777921  	880.000000	0.000109658	
900.000000	0.653032  	900.000000	0.773596  	900.000000	0.792898  	900.000000	0.778307  	900.000000	0.773488  	900.000000	0.000107397	
920.000000	0.649358  	920.000000	0.769408  	920.000000	0.788821  	920.000000	0.774266  	920.000000	0.769303  	920.000000	0.000105231	
940.000000	0.645887  	940.000000	0.765451  	940.000000	0.784959  	940.000000	0.77044   	940.000000	0.765348  	940.000000	0.000103154	
960.000000	0.642607  	960.000000	0.761712  	960.000000	0.781301  	960.000000	0.766816  	960.000000	0.761611  	960.000000	0.00010116	
980.000000	0.639506  	980.000000	0.758178  	980.000000	0.777832  	980.000000	0.763381  	980.000000	0.758078  	980.000000	9.92436e-05	
1000.000000	0.636574  	1000.000000	0.754835  	1000.000000	0.774542  	1000.000000	0.760124  	1000.000000	0.754738  	1000.000000	9.74014e-05	
1020.000000	0.633802  	1020.000000	0.751674  	1020.000000	0.771422  	1020.000000	0.757033  	1020.000000	0.751578  	1020.000000	9.56286e-05	
1040.000000	0.631181  	1040.000000	0.748684  	1040.000000	0.768461  	1040.000000	0.754099  	1040.000000	0.74859   	1040.000000	9.39213e-05	
1060.000000	0.628704  	1060.000000	0.745855  	1060.000000	0.76565   	1060.000000	0.751312  	1060.000000	0.745763  	1060.000000	9.22761e-05	
1080.000000	0.626363  	1080.000000	0.74318   	1080.000000	0.762976  	1080.000000	0.748664  	1080.000000	0.743089  	1080.000000	9.06894e-05	
1100.000000	0.62415   	1100.000000	0.740648  	1100.000000	0.76043   	1100.000000	0.746146  	1100.000000	0.740559  	1100.000000	8.91583e-05	
1120.000000	0.62206   	1120.000000	0.738254  	1120.000000	0.758001  	1120.000000	0.743753  	1120.000000	0.738166  	1120.000000	8.76797e-05	
1140.000000	0.620086  	1140.000000	0.73599   	1140.000000	0.755684  	1140.000000	0.741476  	1140.000000	0.735903  	1140.000000	8.6251e-05	
1160.000000	0.618223  	1160.000000	0.733849  	1160.000000	0.753476  	1160.000000	0.739309  	1160.000000	0.733764  	1160.000000	8.48698e-05	
1180.000000	0.616465  	1180.000000	0.731825  	1180.000000	0.751375  	1180.000000	0.737246  	1180.000000	0.731741  	1180.000000	8.35336e-05	
1200.000000	0.614808  	1200.000000	0.729913  	1200.000000	0.749377  	1200.000000	0.735283  	1200.000000	0.72983   	1200.000000	8.22402e-05	
1220.000000	0.613247  	1220.000000	0.728106  	1220.000000	0.747479  	1220.000000	0.733413  	1220.000000	0.728025  	1220.000000	8.09876e-05	
1240.000000	0.611778  	1240.000000	0.726401  	1240.000000	0.745675  	1240.000000	0.731632  	1240.000000	0.726321  	1240.000000	7.97739e-05	
1260.000000	0.610395  	1260.000000	0.724792  	1260.000000	0.743959  	1260.000000	0.729935  	1260.000000	0.724713  	1260.000000	7.85973e-05	
1280.000000	0.609097  	1280.000000	0.723275  	1280.000000	0.742326  	1280.000000	0.728319  	1280.000000	0.723197  	1280.000000	7.74561e-05	
1300.000000	0.607879  	1300.000000	0.721845  	1300.000000	0.740769  	1300.000000	0.726779  	1300.000000	0.721769  	1300.000000	7.63486e-05	
1320.000000	0.606737  	1320.000000	0.7205    	1320.000000	0.739285  	1320.000000	0.725311  	1320.000000	0.720424  	1320.000000	7.52735e-05	
1340.000000	0.605669  	1340.000000	0.719234  	1340.000000	0.737869  	1340.000000	0.723912  	1340.000000	0.71916   	1340.000000	7.42292e-05	
1360.000000	0.604671  	1360.000000	0.718045  	1360.000000	0.736518  	1360.000000	0.722578  	1360.000000	0.717972  	1360.000000	7.32145e-05	
1380.000000	0.603741  	1380.000000	0.71693   	1380.000000	0.73523   	1380.000000	0.721307  	1380.000000	0.716857  	1380.000000	7.2228e-05	
1400.000000	0.602877  	1400.000000	0.715884  	1400.000000	0.734002  	1400.000000	0.720096  	1400.000000	0.715813  	1400.000000	7.12688e-05	
1420.000000	0.602074  	1420.000000	0.714906  	1420.000000	0.732832  	1420.000000	0.718942  	1420.000000	0.714836  	1420.000000	7.03355e-05	
1440.000000	0.601332  	1440.000000	0.713992  	1440.000000	0.731717  	1440.000000	0.717841  	1440.000000	0.713923  	1440.000000	6.94272e-05	
1460.000000	0.600647  	1460.000000	0.713141  	1460.000000	0.730656  	1460.000000	0.716793  	1460.000000	0.713072  	1460.000000	6.85428e-05	
1480.000000	0.600018  	1480.000000	0.712349  	1480.000000	0.729644  	1480.000000	0.715794  	1480.000000	0.712281  	1480.000000	6.76814e-05	
1500.000000	0.599442  	1500.000000	0.711614  	1500.000000	0.728681  	1500.000000	0.714842  	1500.000000	0.711547  	1500.000000	6.68422e-05	
1520.000000	0.598918  	1520.000000	0.710933  	1520.000000	0.727762  	1520.000000	0.713936  	1520.000000	0.710867  	1520.000000	6.60242e-05	
1540.000000	0.598444  	1540.000000	0.710306  	1540.000000	0.726886  	1540.000000	0.713073  	1540.000000	0.710241  	1540.000000	6.52266e-05	
1560.000000	0.598017  	1560.000000	0.709729  	1560.000000	0.726051  	1560.000000	0.712251  	1560.000000	0.709665  	1560.000000	6.44488e-05	
1580.000000	0.597637  	1580.000000	0.709202  	1580.000000	0.725255  	1580.000000	0.711469  	1580.000000	0.709138  	1580.000000	6.36899e-05	
1600.000000	0.597302  	1600.000000	0.708721  	1600.000000	0.724495  	1600.000000	0.710725  	1600.000000	0.708658  	1600.000000	6.29492e-05	
1620.000000	0.59701   	1620.000000	0.708285  	1620.000000	0.72377   	1620.000000	0.710017  	1620.000000	0.708223  	1620.000000	6.22262e-05	
1640.000000	0.596759  	1640.000000	0.707894  	1640.000000	0.723079  	1640.000000	0.709344  	1640.000000	0.707832  	1640.000000	6.15202e-05	
1660.000000	0.596549  	1660.000000	0.707544  	1660.000000	0.722422  	1660.000000	0.708705  	1660.000000	0.707483  	1660.000000	6.08305e-05	
1680.000000	0.596378  	1680.000000	0.707235  	1680.000000	0.721796  	1680.000000	0.708098  	1680.000000	0.707175  	1680.000000	6.01566e-05	
1700.000000	0.596245  	1700.000000	0.706966  	1700.000000	0.721201  	1700.000000	0.707521  	1700.000000	0.706906  	1700.000000	5.9498e-05	
1750.000000	0.596069  	1750.000000	0.706454  	1750.000000	0.719844  	1750.000000	0.706207  	1750.000000	0.706396  	1750.000000	5.7915e-05	
1800.000000	0.596105  	1800.000000	0.70616   	1800.000000	0.718661  	1800.000000	0.70506   	1800.000000	0.706103  	1800.000000	5.64167e-05	
1850.000000	0.596337  	1850.000000	0.706065  	1850.000000	0.717639  	1850.000000	0.704065  	1850.000000	0.70601   	1850.000000	5.49965e-05	
1900.000000	0.596751  	1900.000000	0.706155  	1900.000000	0.71676   	1900.000000	0.703207  	1900.000000	0.706101  	1900.000000	5.36483e-05	
1950.000000	0.597334  	1950.000000	0.706415  	1950.000000	0.716009  	1950.000000	0.702475  	1950.000000	0.706362  	1950.000000	5.23667e-05	
2000.000000	0.598075  	2000.000000	0.706832  	2000.000000	0.715375  	2000.000000	0.701857  	2000.000000	0.706781  	2000.000000	5.11469e-05	
2100.000000	0.59999   	2100.000000	0.708093  	2100.000000	0.714408  	2100.000000	0.700923  	2100.000000	0.708044  	2100.000000	4.88753e-05	
2200.000000	0.602425  	2200.000000	0.709859  	2200.000000	0.713788  	2200.000000	0.700339  	2200.000000	0.709812  	2200.000000	4.68029e-05	
2300.000000	0.605319  	2300.000000	0.712064  	2300.000000	0.71346   	2300.000000	0.700047  	2300.000000	0.712019  	2300.000000	4.49044e-05	
2400.000000	0.608623  	2400.000000	0.714652  	2400.000000	0.713379  	2400.000000	0.700002  	2400.000000	0.714609  	2400.000000	4.31586e-05	
2500.000000	0.612293  	2500.000000	0.717578  	2500.000000	0.713508  	2500.000000	0.700166  	2500.000000	0.717537  	2500.000000	4.15475e-05	
2600.000000	0.616294  	2600.000000	0.720803  	2600.000000	0.713818  	2600.000000	0.700508  	2600.000000	0.720763  	2600.000000	4.0056e-05	
2700.000000	0.620595  	2700.000000	0.724292  	2700.000000	0.714283  	2700.000000	0.701     	2700.000000	0.724253  	2700.000000	3.86711e-05	
2800.000000	0.625169  	2800.000000	0.728017  	2800.000000	0.714882  	2800.000000	0.701621  	2800.000000	0.72798   	2800.000000	3.73817e-05	
2900.000000	0.629992  	2900.000000	0.731954  	2900.000000	0.715596  	2900.000000	0.702351  	2900.000000	0.731917  	2900.000000	3.6178e-05	
3000.000000	0.635045  	3000.000000	0.73608   	3000.000000	0.716408  	3000.000000	0.703176  	3000.000000	0.736045  	3000.000000	3.50519e-05	
3200.000000	0.645772  	3200.000000	0.744828  	3200.000000	0.718265  	3200.000000	0.705053  	3200.000000	0.744795  	3200.000000	3.30035e-05	
3400.000000	0.65723   	3400.000000	0.754137  	3400.000000	0.720353  	3400.000000	0.707165  	3400.000000	0.754106  	3400.000000	3.1188e-05	
3600.000000	0.669327  	3600.000000	0.763911  	3600.000000	0.722603  	3600.000000	0.709447  	3600.000000	0.763882  	3600.000000	2.95674e-05	
3800.000000	0.681991  	3800.000000	0.774074  	3800.000000	0.724966  	3800.000000	0.711851  	3800.000000	0.774045  	3800.000000	2.81116e-05	
4000.000000	0.69516   	4000.000000	0.784563  	4000.000000	0.727409  	4000.000000	0.714338  	4000.000000	0.784536  	4000.000000	2.67965e-05	
4200.000000	0.708788  	4200.000000	0.79533   	4200.000000	0.72991   	4200.000000	0.716882  	4200.000000	0.795305  	4200.000000	2.56025e-05	
4400.000000	0.722834  	4400.000000	0.806335  	4400.000000	0.732453  	4400.000000	0.71946   	4400.000000	0.806311  	4400.000000	2.45134e-05	
4600.000000	0.737264  	4600.000000	0.817544  	4600.000000	0.735022  	4600.000000	0.722057  	4600.000000	0.81752   	4600.000000	2.35158e-05	
4800.000000	0.752052  	4800.000000	0.828929  	4800.000000	0.737604  	4800.000000	0.724658  	4800.000000	0.828906  	4800.000000	2.25985e-05	
5000.000000	0.767173  	5000.000000	0.840467  	5000.000000	0.740189  	5000.000000	0.727254  	5000.000000	0.840445  	5000.000000	2.17522e-05	
5250.000000	0.786513  	5250.000000	0.855075  	5250.000000	0.743411  	5250.000000	0.730481  	5250.000000	0.855054  	5250.000000	2.0782e-05	
5500.000000	0.806309  	5500.000000	0.86986   	5500.000000	0.74661   	5500.000000	0.733676  	5500.000000	0.86984   	5500.000000	1.98971e-05	
6000.000000	0.847169  	6000.000000	0.899858  	6000.000000	0.752894  	6000.000000	0.739944  	6000.000000	0.89984   	6000.000000	1.83413e-05	
6500.000000	0.88958   	6500.000000	0.930301  	6500.000000	0.758939  	6500.000000	0.746018  	6500.000000	0.930284  	6500.000000	1.70174e-05	
7000.000000	0.933421  	7000.000000	0.961075  	7000.000000	0.764773  	7000.000000	0.751881  	7000.000000	0.961059  	7000.000000	1.58766e-05	
7500.000000	0.978599  	7500.000000	0.992095  	7500.000000	0.770352  	7500.000000	0.757528  	7500.000000	0.992081  	7500.000000	1.48831e-05	
8000.000000	1.02505   	8000.000000	1.0233    	8000.000000	0.77576   	8000.000000	0.762963  	8000.000000	1.02329   	8000.000000	1.40098e-05	
8500.000000	1.07271   	8500.000000	1.05465   	8500.000000	0.780977  	8500.000000	0.768191  	8500.000000	1.05464   	8500.000000	1.32361e-05	
9000.000000	1.12155   	9000.000000	1.0861    	9000.000000	0.785987  	9000.000000	0.773221  	9000.000000	1.08609   	9000.000000	1.25455e-05	
9500.000000	1.17153   	9500.000000	1.11764   	9500.000000	0.790806  	9500.000000	0.778064  	9500.000000	1.11762   	9500.000000	1.19254e-05	
10000.000000	1.22263   	10000.000000	1.14923   	10000.000000	0.795448  	10000.000000	0.78273   	10000.000000	1.14922   	10000.000000	1.13654e-05	
11000.000000	1.32811   	11000.000000	1.21252   	11000.000000	0.804233  	11000.000000	0.791566  	11000.000000	1.21251   	11000.000000	1.03933e-05	
12000.000000	1.43785   	12000.000000	1.27588   	12000.000000	0.812413  	12000.000000	0.799806  	12000.000000	1.27587   	12000.000000	9.57837e-06	
13000.000000	1.55177   	13000.000000	1.33925   	13000.000000	0.820051  	13000.000000	0.807517  	13000.000000	1.33924   	13000.000000	8.88503e-06	
14000.000000	1.66983   	14000.000000	1.40259   	14000.000000	0.827208  	14000.000000	0.814756  	14000.000000	1.40258   	14000.000000	8.28775e-06	
15000.000000	1.79198   	15000.000000	1.46587   	15000.000000	0.833939  	15000.000000	0.821574  	15000.000000	1.46587   	15000.000000	7.76769e-06	
16000.000000	1.91819   	16000.000000	1.52908   	16000.000000	0.840294  	16000.000000	0.828015  	16000.000000	1.52907   	16000.000000	7.31068e-06	
17000.000000	2.04847   	17000.000000	1.59219   	17000.000000	0.846313  	17000.000000	0.834116  	17000.000000	1.59219   	17000.000000	6.90581e-06	
18000.000000	2.18279   	18000.000000	1.65521   	18000.000000	0.85203   	18000.000000	0.839909  	18000.000000	1.65521   	18000.000000	6.54457e-06	
19000.000000	2.32116   	19000.000000	1.71813   	19000.000000	0.857474  	19000.000000	0.845424  	19000.000000	1.71813   	19000.000000	6.2202e-06	
20000.000000	2.46357   	20000.000000	1.78095   	20000.000000	0.862669  	20000.000000	0.850684  	20000.000000	1.78094   	20000.000000	5.9273e-06	
21000.000000	2.61005   	21000.000000	1.84365   	21000.000000	0.867627  	21000.000000	0.855713  	21000.000000	1.84365   	21000.000000	5.66144e-06	
22000.000000	2.76058   	22000.000000	1.90626   	22000.000000	0.872343  	22000.000000	0.860528  	22000.000000	1.90625   	22000.000000	5.41903e-06	
23000.000000	2.91519   	23000.000000	1.96876   	23000.000000	0.876856  	23000.000000	0.865146  	23000.000000	1.96875   	23000.000000	5.19706e-06	
24000.000000	3.07389   	24000.000000	2.03115   	24000.000000	0.881189  	24000.000000	0.869584  	24000.000000	2.03115   	24000.000000	4.99303e-06	
25000.000000	3.23668   	25000.000000	2.09344   	25000.000000	0.885354  	25000.000000	0.873854  	25000.000000	2.09344   	25000.000000	4.80484e-06	
26000.000000	3.40359   	26000.000000	2.15563   	26000.000000	0.88936   	26000.000000	0.877968  	26000.000000	2.15563   	26000.000000	4.63068e-06	
27000.000000	3.57463   	27000.000000	2.21772   	27000.000000	0.893217  	27000.000000	0.881937  	27000.000000	2.21772   	27000.000000	4.46904e-06	
28000.000000	3.74983   	28000.000000	2.27972   	28000.000000	0.896932  	28000.000000	0.88577   	28000.000000	2.27971   	28000.000000	4.3186e-06	
29000.000000	3.92918   	29000.000000	2.34162   	29000.000000	0.900512  	29000.000000	0.889477  	29000.000000	2.34161   	29000.000000	4.17822e-06	
30000.000000	4.11272   	30000.000000	2.40342   	30000.000000	0.90397   	30000.000000	0.893066  	30000.000000	2.40342   	30000.000000	4.04693e-06	
32000.000000	4.49244   	32000.000000	2.52677   	32000.000000	0.910558  	32000.000000	0.899916  	32000.000000	2.52676   	32000.000000	3.80823e-06	
34000.000000	4.88912   	34000.000000	2.64976   	34000.000000	0.916755  	34000.000000	0.906371  	34000.000000	2.64976   	34000.000000	3.5968e-06	
36000.000000	5.30295   	36000.000000	2.77242   	36000.000000	0.922581  	36000.000000	0.912475  	36000.000000	2.77242   	36000.000000	3.40819e-06	
38000.000000	5.73409   	38000.000000	2.89476   	38000.000000	0.928066  	38000.000000	0.918261  	38000.000000	2.89476   	38000.000000	3.23885e-06	
40000.000000	6.18272   	40000.000000	3.0168    	40000.000000	0.933245  	40000.000000	0.923763  	40000.000000	3.0168    	40000.000000	3.08596e-06	
42000.000000	6.64902   	42000.000000	3.13855   	42000.000000	0.938154  	42000.000000	0.929006  	42000.000000	3.13855   	42000.000000	2.94721e-06	
44000.000000	7.13316   	44000.000000	3.26002   	44000.000000	0.942826  	44000.000000	0.934014  	44000.000000	3.26002   	44000.000000	2.82071e-06	
46000.000000	7.63535   	46000.000000	3.38122   	46000.000000	0.947287  	46000.000000	0.938807  	46000.000000	3.38122   	46000.000000	2.70489e-06	
48000.000000	8.15576   	48000.000000	3.50217   	48000.000000	0.951549  	48000.000000	0.943401  	48000.000000	3.50216   	48000.000000	2.59844e-06	
50000.000000	8.69458   	50000.000000	3.62287   	50000.000000	0.955613  	50000.000000	0.947814  	50000.000000	3.62286   	50000.000000	2.50027e-06	
