Energy (MeV/u)1	0 - [He-base] F.Hubert et al, AD&ND Tables 46(1990)1	Energy (MeV/u)2	1 - [H -base] J.F.Ziegler et al, Pergamon Press, NY (low energy)	Energy (MeV/u)3	2 - ATIMA 1.2  LS-theory (recommended for high energy)	Energy (MeV/u)4	3 - ATIMA 1.2  without LS-correction	Energy (MeV/u)5	4 - electrical component of [1] - J.F.Ziegler et al	Energy (MeV/u)6	5 - nuclear component of [1] - J.F.Ziegler et al	
0.001000	5.42181   	0.001000	5.33609   	0.001000	5.41398   	0.001000	5.41398   	0.001000	1.65104   	0.001000	3.68505   	
0.002000	5.49978   	0.002000	5.35562   	0.002000	5.46278   	0.002000	5.46278   	0.002000	2.16345   	0.002000	3.19218   	
0.005000	5.75463   	0.005000	5.37824   	0.005000	5.54968   	0.005000	5.54968   	0.005000	3.09541   	0.005000	2.28283   	
0.008000	6.08921   	0.008000	5.53562   	0.008000	5.75762   	0.008000	5.75762   	0.008000	3.72134   	0.008000	1.81428   	
0.010000	6.31684   	0.010000	5.66955   	0.010000	5.92138   	0.010000	5.92138   	0.010000	4.06178   	0.010000	1.60776   	
0.015000	7.19      	0.015000	6.08479   	0.015000	6.38838   	0.015000	6.38838   	0.015000	4.81578   	0.015000	1.26901   	
0.020000	8.02409   	0.020000	6.63849   	0.020000	7.05994   	0.020000	7.05994   	0.020000	5.57823   	0.020000	1.06026   	
0.025000	9.00822   	0.025000	7.34134   	0.025000	7.78424   	0.025000	7.78424   	0.025000	6.42455   	0.025000	0.916794  	
0.030000	9.91152   	0.030000	8.05498   	0.030000	8.46646   	0.030000	8.46646   	0.030000	7.24374   	0.030000	0.811241  	
0.035000	10.7085   	0.035000	8.76468   	0.035000	9.15085   	0.035000	9.15085   	0.035000	8.03482   	0.035000	0.729862  	
0.040000	11.3974   	0.040000	9.46113   	0.040000	9.82997   	0.040000	9.82997   	0.040000	8.79619   	0.040000	0.664939  	
0.045000	11.9656   	0.045000	10.1331   	0.045000	10.4941   	0.045000	10.4941   	0.045000	9.52618   	0.045000	0.606892  	
0.050000	12.4013   	0.050000	10.7862   	0.050000	11.1502   	0.050000	11.1502   	0.050000	10.2232   	0.050000	0.562905  	
0.055000	13.0617   	0.055000	11.4607   	0.055000	11.7897   	0.055000	11.7897   	0.055000	10.9359   	0.055000	0.524786  	
0.060000	13.6516   	0.060000	12.1059   	0.060000	12.4125   	0.060000	12.4125   	0.060000	11.6134   	0.060000	0.492557  	
0.070000	14.6306   	0.070000	13.3319   	0.070000	13.6012   	0.070000	13.6012   	0.070000	12.8922   	0.070000	0.439659  	
0.080000	15.6797   	0.080000	14.4499   	0.080000	14.7096   	0.080000	14.7096   	0.080000	14.0519   	0.080000	0.397942  	
0.090000	16.5601   	0.090000	15.4695   	0.090000	15.736    	0.090000	15.736    	0.090000	15.1054   	0.090000	0.364107  	
0.100000	17.3085   	0.100000	16.3922   	0.100000	16.681    	0.100000	16.681    	0.100000	16.0561   	0.100000	0.336054  	
0.120000	18.1025   	0.120000	18.0028   	0.120000	18.3375   	0.120000	18.3375   	0.120000	17.7107   	0.120000	0.292096  	
0.140000	18.7469   	0.140000	19.3504   	0.140000	19.7103   	0.140000	19.7103   	0.140000	19.0913   	0.140000	0.259102  	
0.160000	19.317    	0.160000	20.451    	0.160000	20.8384   	0.160000	20.8384   	0.160000	20.2177   	0.160000	0.233334  	
0.180000	19.8688   	0.180000	21.3471   	0.180000	21.761    	0.180000	21.761    	0.180000	21.1345   	0.180000	0.212599  	
0.200000	20.4281   	0.200000	22.0865   	0.200000	22.5145   	0.200000	22.5145   	0.200000	21.891    	0.200000	0.195518  	
0.250000	21.2462   	0.250000	23.38     	0.250000	23.8545   	0.250000	23.8545   	0.250000	23.2165   	0.250000	0.163494  	
0.300000	22.4195   	0.300000	24.722    	0.300000	24.6886   	0.300000	24.6886   	0.300000	24.5809   	0.300000	0.141066  	
0.350000	23.4071   	0.350000	25.7195   	0.350000	25.234    	0.350000	25.234    	0.350000	25.5951   	0.350000	0.124407  	
0.400000	24.225    	0.400000	26.5097   	0.400000	25.7836   	0.400000	25.7836   	0.400000	26.3982   	0.400000	0.111504  	
0.450000	24.9421   	0.450000	27.2071   	0.450000	27.0054   	0.450000	27.0054   	0.450000	27.1059   	0.450000	0.101191  	
0.500000	25.7741   	0.500000	28.0972   	0.500000	28.0076   	0.500000	28.0076   	0.500000	28.0045   	0.500000	0.0927433 	
0.600000	26.0872   	0.600000	28.7948   	0.600000	28.6104   	0.600000	28.6104   	0.600000	28.7151   	0.600000	0.0796964 	
0.700000	25.8903   	0.700000	29.1355   	0.700000	28.8652   	0.700000	28.8652   	0.700000	29.0654   	0.700000	0.070058  	
0.800000	26.3462   	0.800000	29.2234   	0.800000	28.9742   	0.800000	28.9742   	0.800000	29.1607   	0.800000	0.0626247 	
0.900000	26.5484   	0.900000	29.0899   	0.900000	28.9816   	0.900000	28.9816   	0.900000	29.0332   	0.900000	0.0567045 	
1.000000	26.6106   	1.000000	28.8476   	1.000000	28.9144   	1.000000	28.9144   	1.000000	28.7957   	1.000000	0.0518698 	
1.250000	26.3139   	1.250000	28.6678   	1.250000	28.5283   	1.250000	28.5283   	1.250000	28.6249   	1.250000	0.0429118 	
1.500000	25.5001   	1.500000	27.9922   	1.500000	27.732    	1.500000	27.732    	1.500000	27.9555   	1.500000	0.036724  	
1.750000	24.5601   	1.750000	27.1955   	1.750000	26.9156   	1.750000	26.9156   	1.750000	27.1633   	1.750000	0.0321764 	
2.000000	23.5555   	2.000000	26.3216   	2.000000	26.1331   	2.000000	26.1331   	2.000000	26.2929   	2.000000	0.028684  	
2.250000	22.6571   	2.250000	25.3564   	2.250000	25.384    	2.250000	25.384    	2.250000	25.3305   	2.250000	0.0259121 	
2.500000	24.935    	2.500000	24.3866   	2.500000	24.6685   	2.500000	24.6685   	2.500000	24.363    	2.500000	0.0236552 	
3.000000	23.223    	3.000000	22.8274   	3.000000	23.3364   	3.000000	23.3364   	3.000000	22.8072   	3.000000	0.0201947 	
3.500000	21.7035   	3.500000	21.5825   	3.500000	22.1293   	3.500000	22.1293   	3.500000	21.5648   	3.500000	0.0176591 	
4.000000	20.3629   	4.000000	20.4766   	4.000000	21.0355   	4.000000	21.0355   	4.000000	20.4609   	4.000000	0.0157165 	
4.500000	19.1785   	4.500000	19.485    	4.500000	20.0425   	4.500000	20.0425   	4.500000	19.4708   	4.500000	0.0141779 	
5.000000	18.1278   	5.000000	18.5833   	5.000000	19.1385   	5.000000	19.1385   	5.000000	18.5704   	5.000000	0.0129272 	
5.500000	17.1907   	5.500000	17.7779   	5.500000	18.3129   	5.500000	18.3129   	5.500000	17.766    	5.500000	0.0118895 	
6.000000	16.3506   	6.000000	17.0397   	6.000000	17.5563   	6.000000	17.5563   	6.000000	17.0287   	6.000000	0.0110137 	
6.500000	15.5936   	6.500000	16.3604   	6.500000	16.8608   	6.500000	16.8608   	6.500000	16.3502   	6.500000	0.0102642 	
7.000000	14.9079   	7.000000	15.7337   	7.000000	16.2192   	7.000000	16.2192   	7.000000	15.7241   	7.000000	0.00961501	
7.500000	14.2841   	7.500000	15.1538   	7.500000	15.6256   	7.500000	15.6256   	7.500000	15.1448   	7.500000	0.00904698	
8.000000	13.7141   	8.000000	14.6159   	8.000000	15.0749   	8.000000	15.0749   	8.000000	14.6074   	8.000000	0.00854553	
8.500000	13.1913   	8.500000	14.1157   	8.500000	14.5625   	8.500000	14.5625   	8.500000	14.1076   	8.500000	0.00809943	
9.000000	12.7098   	9.000000	13.6494   	9.000000	14.0846   	9.000000	14.0846   	9.000000	13.6417   	9.000000	0.00769984	
9.500000	12.2651   	9.500000	13.2136   	9.500000	13.6378   	9.500000	13.6378   	9.500000	13.2063   	9.500000	0.00733973	
10.000000	11.8529   	10.000000	13.1973   	10.000000	13.2192   	10.000000	13.2192   	10.000000	13.1903   	10.000000	0.00701343	
11.000000	11.1128   	11.000000	12.4593   	11.000000	12.418    	11.000000	12.4785   	11.000000	12.4528   	11.000000	0.00644457	
12.000000	10.4669   	12.000000	11.8015   	12.000000	11.7125   	12.000000	11.8183   	12.000000	11.7955   	12.000000	0.00596504	
13.000000	9.89808   	13.000000	11.2119   	13.000000	11.0867   	13.000000	11.2265   	13.000000	11.2063   	13.000000	0.00555503	
14.000000	9.39304   	14.000000	10.6806   	14.000000	10.5279   	14.000000	10.6933   	14.000000	10.6754   	14.000000	0.00520023	
15.000000	8.9415    	15.000000	10.1995   	15.000000	10.0261   	15.000000	10.2106   	15.000000	10.1946   	15.000000	0.00489003	
16.000000	8.53525   	16.000000	9.76184   	16.000000	9.57332   	16.000000	9.7719    	16.000000	9.75723   	16.000000	0.0046164 	
17.000000	8.16769   	17.000000	9.36204   	17.000000	9.16299   	17.000000	9.37156   	17.000000	9.35767   	17.000000	0.00437313	
18.000000	7.83346   	18.000000	8.99542   	18.000000	8.78934   	18.000000	9.00497   	18.000000	8.99126   	18.000000	0.00415537	
19.000000	7.52814   	19.000000	8.65802   	19.000000	8.44781   	19.000000	8.66819   	19.000000	8.65406   	19.000000	0.00395924	
20.000000	7.24808   	20.000000	8.34651   	20.000000	8.1347    	20.000000	8.35788   	20.000000	8.34273   	20.000000	0.00378162	
21.000000	6.99022   	21.000000	8.05801   	21.000000	7.84675   	21.000000	8.07119   	21.000000	8.05439   	21.000000	0.00361997	
22.000000	6.75196   	22.000000	7.79008   	22.000000	7.58109   	22.000000	7.80567   	22.000000	7.78661   	22.000000	0.0034722 	
23.000000	6.53113   	23.000000	7.54059   	23.000000	7.33541   	23.000000	7.55918   	23.000000	7.53725   	23.000000	0.00333657	
24.000000	6.32583   	24.000000	7.3077    	24.000000	7.10776   	24.000000	7.32989   	24.000000	7.30449   	24.000000	0.00321161	
25.000000	6.13447   	25.000000	7.08982   	25.000000	6.8964    	25.000000	7.11616   	25.000000	7.08672   	25.000000	0.0030961 	
27.000000	5.78812   	27.000000	6.69361   	27.000000	6.51639   	27.000000	6.7299    	27.000000	6.69072   	27.000000	0.00288937	
29.000000	5.48294   	29.000000	6.34263   	29.000000	6.18495   	29.000000	6.39094   	29.000000	6.33992   	29.000000	0.00270964	
31.000000	5.21187   	31.000000	6.02955   	31.000000	5.89222   	31.000000	6.08056   	31.000000	6.027     	31.000000	0.00255189	
33.000000	4.96942   	33.000000	5.74855   	33.000000	5.62801   	33.000000	5.79259   	33.000000	5.74614   	33.000000	0.00241226	
35.000000	4.75119   	35.000000	5.49494   	35.000000	5.38851   	35.000000	5.53322   	35.000000	5.49265   	35.000000	0.00228775	
38.000000	4.46178   	38.000000	5.1577    	38.000000	5.06909   	38.000000	5.18907   	38.000000	5.15558   	38.000000	0.00212431	
41.000000	4.20985   	41.000000	4.86347   	41.000000	4.78953   	41.000000	4.88946   	41.000000	4.86149   	41.000000	0.00198357	
44.000000	3.98845   	44.000000	4.60451   	44.000000	4.54281   	44.000000	4.62625   	44.000000	4.60265   	44.000000	0.00186106	
47.000000	3.79226   	47.000000	4.37483   	47.000000	4.32279   	47.000000	4.39316   	47.000000	4.37308   	47.000000	0.0017534 	
50.000000	3.61713   	50.000000	4.16973   	50.000000	4.12591   	50.000000	4.18527   	50.000000	4.16807   	50.000000	0.00165801	
55.000000	3.36345   	55.000000	3.87265   	55.000000	3.8401    	55.000000	3.88456   	55.000000	3.87113   	55.000000	0.00152103	
60.000000	3.14797   	60.000000	3.6205    	60.000000	3.59633   	60.000000	3.62967   	60.000000	3.6191    	60.000000	0.00140578	
65.000000	2.96253   	65.000000	3.40379   	65.000000	3.38614   	65.000000	3.41082   	65.000000	3.40248   	65.000000	0.00130741	
70.000000	2.80115   	70.000000	3.21552   	70.000000	3.20305   	70.000000	3.22083   	70.000000	3.21429   	70.000000	0.00122242	
75.000000	2.65935   	75.000000	3.05042   	75.000000	3.04221   	75.000000	3.05432   	75.000000	3.04927   	75.000000	0.00114822	
80.000000	2.53371   	80.000000	2.90445   	80.000000	2.8995    	80.000000	2.90715   	80.000000	2.90337   	80.000000	0.00108286	
85.000000	2.42156   	85.000000	2.77446   	85.000000	2.77227   	85.000000	2.77613   	85.000000	2.77344   	85.000000	0.00102482	
90.000000	2.3208    	90.000000	2.65795   	90.000000	2.65782   	90.000000	2.65873   	90.000000	2.65698   	90.000000	0.000972922	
95.000000	2.22973   	95.000000	2.55292   	95.000000	2.55457   	95.000000	2.5529    	95.000000	2.552     	95.000000	0.00092623	
100.000000	2.14701   	100.000000	2.45775   	100.000000	2.46065   	100.000000	2.45702   	100.000000	2.45687   	100.000000	0.000883987	
105.000000	2.0715    	105.000000	2.37111   	105.000000	2.37541   	105.000000	2.36973   	105.000000	2.37026   	105.000000	0.000845578	
110.000000	2.00229   	110.000000	2.29189   	110.000000	2.29695   	110.000000	2.28992   	110.000000	2.29108   	110.000000	0.000810497	
115.000000	1.93859   	115.000000	2.21918   	115.000000	2.225     	115.000000	2.21667   	115.000000	2.2184    	115.000000	0.000778325	
120.000000	1.87977   	120.000000	2.1522    	120.000000	2.15868   	120.000000	2.1492    	120.000000	2.15145   	120.000000	0.000748708	
125.000000	1.82527   	125.000000	2.0903    	125.000000	2.09725   	125.000000	2.08684   	125.000000	2.08958   	125.000000	0.00072135	
130.000000	1.77461   	130.000000	2.03292   	130.000000	2.04049   	130.000000	2.02903   	130.000000	2.03222   	130.000000	0.000695999	
135.000000	1.7274    	135.000000	1.97958   	135.000000	1.98755   	135.000000	1.9753    	135.000000	1.9789    	135.000000	0.000672438	
140.000000	1.68329   	140.000000	1.92986   	140.000000	1.93799   	140.000000	1.92522   	140.000000	1.92921   	140.000000	0.000650483	
145.000000	1.64198   	145.000000	1.88342   	145.000000	1.89168   	145.000000	1.87844   	145.000000	1.88279   	145.000000	0.000629972	
150.000000	1.60319   	150.000000	1.83992   	150.000000	1.84846   	150.000000	1.83463   	150.000000	1.83931   	150.000000	0.000610766	
155.000000	1.54842   	155.000000	1.79911   	155.000000	1.80778   	155.000000	1.79353   	155.000000	1.79852   	155.000000	0.000592742	
160.000000	1.51639   	160.000000	1.76074   	160.000000	1.76944   	160.000000	1.75488   	160.000000	1.76017   	160.000000	0.000575793	
165.000000	1.48617   	165.000000	1.7246    	165.000000	1.73335   	165.000000	1.71848   	165.000000	1.72404   	165.000000	0.000559824	
170.000000	1.4576    	170.000000	1.69049   	170.000000	1.6993    	170.000000	1.68414   	170.000000	1.68995   	170.000000	0.000544751	
175.000000	1.43057   	175.000000	1.65826   	175.000000	1.6671    	175.000000	1.65168   	175.000000	1.65773   	175.000000	0.000530501	
180.000000	1.40493   	180.000000	1.62774   	180.000000	1.63662   	180.000000	1.62096   	180.000000	1.62722   	180.000000	0.000517006	
185.000000	1.3806    	185.000000	1.59881   	185.000000	1.60772   	185.000000	1.59184   	185.000000	1.59831   	185.000000	0.000504208	
190.000000	1.35746   	190.000000	1.57135   	190.000000	1.58027   	190.000000	1.5642    	190.000000	1.57086   	190.000000	0.000492053	
195.000000	1.33543   	195.000000	1.54524   	195.000000	1.55421   	195.000000	1.53793   	195.000000	1.54476   	195.000000	0.000480492	
200.000000	1.31444   	200.000000	1.52039   	200.000000	1.52939   	200.000000	1.51293   	200.000000	1.51992   	200.000000	0.000469484	
210.000000	1.27527   	210.000000	1.47413   	210.000000	1.48299   	210.000000	1.46639   	210.000000	1.47368   	210.000000	0.000448971	
220.000000	1.23946   	220.000000	1.43193   	220.000000	1.44082   	220.000000	1.42397   	220.000000	1.4315    	220.000000	0.00043024	
230.000000	1.20658   	230.000000	1.3933    	230.000000	1.40212   	230.000000	1.38514   	230.000000	1.39289   	230.000000	0.000413067	
240.000000	1.17628   	240.000000	1.35779   	240.000000	1.3665    	240.000000	1.34947   	240.000000	1.3574    	240.000000	0.000397263	
250.000000	1.14828   	250.000000	1.32505   	250.000000	1.33369   	250.000000	1.3166    	250.000000	1.32467   	250.000000	0.000382667	
260.000000	1.12233   	260.000000	1.29477   	260.000000	1.30334   	260.000000	1.28621   	260.000000	1.2944    	260.000000	0.000369146	
270.000000	1.09819   	270.000000	1.26668   	270.000000	1.2752    	270.000000	1.25804   	270.000000	1.26632   	270.000000	0.000356583	
280.000000	1.0757    	280.000000	1.24055   	280.000000	1.24903   	280.000000	1.23185   	280.000000	1.24021   	280.000000	0.000344878	
290.000000	1.05468   	290.000000	1.21619   	290.000000	1.22465   	290.000000	1.20746   	290.000000	1.21586   	290.000000	0.000333945	
300.000000	1.03501   	300.000000	1.19343   	300.000000	1.20188   	300.000000	1.18467   	300.000000	1.19311   	300.000000	0.00032371	
310.000000	1.01655   	310.000000	1.17212   	310.000000	1.18057   	310.000000	1.16335   	310.000000	1.1718    	310.000000	0.000314107	
320.000000	0.999192  	320.000000	1.15212   	320.000000	1.16059   	320.000000	1.14336   	320.000000	1.15182   	320.000000	0.000305078	
330.000000	0.982848  	330.000000	1.13332   	330.000000	1.14174   	330.000000	1.12458   	330.000000	1.13303   	330.000000	0.000296573	
340.000000	0.967431  	340.000000	1.11562   	340.000000	1.12399   	340.000000	1.10691   	340.000000	1.11533   	340.000000	0.000288547	
350.000000	0.952864  	350.000000	1.09893   	350.000000	1.10734   	350.000000	1.09025   	350.000000	1.09865   	350.000000	0.000280959	
360.000000	0.939081  	360.000000	1.08316   	360.000000	1.09158   	360.000000	1.07453   	360.000000	1.08289   	360.000000	0.000273776	
370.000000	0.926022  	370.000000	1.06824   	370.000000	1.07655   	370.000000	1.05959   	370.000000	1.06797   	370.000000	0.000266964	
380.000000	0.913631  	380.000000	1.05411   	380.000000	1.06239   	380.000000	1.04544   	380.000000	1.05385   	380.000000	0.000260495	
390.000000	0.901861  	390.000000	1.04071   	390.000000	1.04898   	390.000000	1.03204   	390.000000	1.04045   	390.000000	0.000254344	
400.000000	0.890666  	400.000000	1.02798   	400.000000	1.03619   	400.000000	1.01931   	400.000000	1.02773   	400.000000	0.000248487	
410.000000	0.880008  	410.000000	1.01588   	410.000000	1.02403   	410.000000	1.00722   	410.000000	1.01564   	410.000000	0.000242905	
420.000000	0.869849  	420.000000	1.00436   	420.000000	1.01251   	420.000000	0.995725  	420.000000	1.00412   	420.000000	0.000237576	
430.000000	0.860157  	430.000000	0.993389  	430.000000	1.00156   	430.000000	0.984778  	430.000000	0.993157  	430.000000	0.000232485	
440.000000	0.850901  	440.000000	0.982924  	440.000000	0.991083  	440.000000	0.974344  	440.000000	0.982697  	440.000000	0.000227616	
450.000000	0.842054  	450.000000	0.972934  	450.000000	0.981059  	450.000000	0.96439   	450.000000	0.972711  	450.000000	0.000222954	
460.000000	0.833591  	460.000000	0.96339   	460.000000	0.971481  	460.000000	0.954885  	460.000000	0.963171  	460.000000	0.000218486	
470.000000	0.825488  	470.000000	0.954262  	470.000000	0.962338  	470.000000	0.945802  	470.000000	0.954048  	470.000000	0.0002142 	
480.000000	0.817724  	480.000000	0.945527  	480.000000	0.953619  	480.000000	0.937115  	480.000000	0.945317  	480.000000	0.000210086	
490.000000	0.810278  	490.000000	0.93716   	490.000000	0.945294  	490.000000	0.928799  	490.000000	0.936954  	490.000000	0.000206132	
500.000000	0.803135  	500.000000	0.929141  	500.000000	0.937316  	500.000000	0.920833  	500.000000	0.928939  	500.000000	0.00020233	
520.000000	0.789684  	520.000000	0.914066  	520.000000	0.922264  	520.000000	0.905871  	520.000000	0.913871  	520.000000	0.000195146	
540.000000	0.777252  	540.000000	0.90016   	540.000000	0.908373  	540.000000	0.892085  	540.000000	0.899972  	540.000000	0.000188473	
560.000000	0.765734  	560.000000	0.887302  	560.000000	0.895551  	560.000000	0.87935   	560.000000	0.88712   	560.000000	0.000182257	
580.000000	0.755042  	580.000000	0.875386  	580.000000	0.883674  	580.000000	0.867559  	580.000000	0.875209  	580.000000	0.000176452	
600.000000	0.745096  	600.000000	0.86432   	600.000000	0.872652  	600.000000	0.856618  	600.000000	0.864149  	600.000000	0.000171019	
620.000000	0.735829  	620.000000	0.854024  	620.000000	0.862403  	620.000000	0.846446  	620.000000	0.853858  	620.000000	0.000165921	
640.000000	0.72718   	640.000000	0.844427  	640.000000	0.852856  	640.000000	0.836971  	640.000000	0.844266  	640.000000	0.00016113	
660.000000	0.719095  	660.000000	0.835469  	660.000000	0.843946  	660.000000	0.82813   	660.000000	0.835312  	660.000000	0.000156617	
680.000000	0.711528  	680.000000	0.827093  	680.000000	0.835618  	680.000000	0.819868  	680.000000	0.82694   	680.000000	0.000152359	
700.000000	0.704437  	700.000000	0.819251  	700.000000	0.827821  	700.000000	0.812134  	700.000000	0.819103  	700.000000	0.000148334	
720.000000	0.697784  	720.000000	0.8119    	720.000000	0.820512  	720.000000	0.804885  	720.000000	0.811756  	720.000000	0.000144524	
740.000000	0.691536  	740.000000	0.805002  	740.000000	0.813652  	740.000000	0.798081  	740.000000	0.804861  	740.000000	0.000140912	
760.000000	0.685661  	760.000000	0.79852   	760.000000	0.807204  	760.000000	0.791687  	760.000000	0.798382  	760.000000	0.000137482	
780.000000	0.680134  	780.000000	0.792424  	780.000000	0.801136  	780.000000	0.785671  	780.000000	0.79229   	780.000000	0.000134221	
800.000000	0.67493   	800.000000	0.786686  	800.000000	0.79542   	800.000000	0.780005  	800.000000	0.786555  	800.000000	0.000131116	
820.000000	0.670025  	820.000000	0.781279  	820.000000	0.79003   	820.000000	0.774662  	820.000000	0.781151  	820.000000	0.000128157	
840.000000	0.665401  	840.000000	0.776182  	840.000000	0.784943  	840.000000	0.76962   	840.000000	0.776057  	840.000000	0.000125334	
860.000000	0.661038  	860.000000	0.771373  	860.000000	0.780136  	860.000000	0.764857  	860.000000	0.77125   	860.000000	0.000122636	
880.000000	0.65692   	880.000000	0.766832  	880.000000	0.77559   	880.000000	0.760353  	880.000000	0.766712  	880.000000	0.000120056	
900.000000	0.653032  	900.000000	0.762542  	900.000000	0.771289  	900.000000	0.756092  	900.000000	0.762425  	900.000000	0.000117586	
920.000000	0.649358  	920.000000	0.758488  	920.000000	0.767215  	920.000000	0.752056  	920.000000	0.758373  	920.000000	0.000115219	
940.000000	0.645887  	940.000000	0.754654  	940.000000	0.763353  	940.000000	0.748231  	940.000000	0.754541  	940.000000	0.000112949	
960.000000	0.642607  	960.000000	0.751027  	960.000000	0.75969   	960.000000	0.744604  	960.000000	0.750916  	960.000000	0.00011077	
980.000000	0.639506  	980.000000	0.747594  	980.000000	0.756213  	980.000000	0.741162  	980.000000	0.747486  	980.000000	0.000108676	
1000.000000	0.636574  	1000.000000	0.744345  	1000.000000	0.75291   	1000.000000	0.737893  	1000.000000	0.744238  	1000.000000	0.000106663	
1020.000000	0.633802  	1020.000000	0.741268  	1020.000000	0.749774  	1020.000000	0.734788  	1020.000000	0.741164  	1020.000000	0.000104726	
1040.000000	0.631181  	1040.000000	0.738355  	1040.000000	0.746795  	1040.000000	0.731836  	1040.000000	0.738252  	1040.000000	0.00010286	
1060.000000	0.628704  	1060.000000	0.735595  	1060.000000	0.743962  	1060.000000	0.729028  	1060.000000	0.735494  	1060.000000	0.000101062	
1080.000000	0.626363  	1080.000000	0.73298   	1080.000000	0.741264  	1080.000000	0.726357  	1080.000000	0.732881  	1080.000000	9.93274e-05	
1100.000000	0.62415   	1100.000000	0.730504  	1100.000000	0.73869   	1100.000000	0.723813  	1100.000000	0.730406  	1100.000000	9.76538e-05	
1120.000000	0.62206   	1120.000000	0.728157  	1120.000000	0.736231  	1120.000000	0.721391  	1120.000000	0.728061  	1120.000000	9.60376e-05	
1140.000000	0.620086  	1140.000000	0.725935  	1140.000000	0.733881  	1140.000000	0.719083  	1140.000000	0.72584   	1140.000000	9.44759e-05	
1160.000000	0.618223  	1160.000000	0.72383   	1160.000000	0.731639  	1160.000000	0.716883  	1160.000000	0.723737  	1160.000000	9.29659e-05	
1180.000000	0.616465  	1180.000000	0.721836  	1180.000000	0.7295    	1180.000000	0.714785  	1180.000000	0.721745  	1180.000000	9.15051e-05	
1200.000000	0.614808  	1200.000000	0.719949  	1200.000000	0.727464  	1200.000000	0.712784  	1200.000000	0.719859  	1200.000000	9.00911e-05	
1220.000000	0.613247  	1220.000000	0.718162  	1220.000000	0.725526  	1220.000000	0.710876  	1220.000000	0.718074  	1220.000000	8.87217e-05	
1240.000000	0.611778  	1240.000000	0.716472  	1240.000000	0.72368   	1240.000000	0.709054  	1240.000000	0.716385  	1240.000000	8.73947e-05	
1260.000000	0.610395  	1260.000000	0.714874  	1260.000000	0.721921  	1260.000000	0.707315  	1260.000000	0.714788  	1260.000000	8.61082e-05	
1280.000000	0.609097  	1280.000000	0.713363  	1280.000000	0.720243  	1280.000000	0.705655  	1280.000000	0.713278  	1280.000000	8.48604e-05	
1300.000000	0.607879  	1300.000000	0.711935  	1300.000000	0.718641  	1300.000000	0.704069  	1300.000000	0.711852  	1300.000000	8.36494e-05	
1320.000000	0.606737  	1320.000000	0.710588  	1320.000000	0.717109  	1320.000000	0.702554  	1320.000000	0.710505  	1320.000000	8.24738e-05	
1340.000000	0.605669  	1340.000000	0.709316  	1340.000000	0.715645  	1340.000000	0.701108  	1340.000000	0.709235  	1340.000000	8.13318e-05	
1360.000000	0.604671  	1360.000000	0.708118  	1360.000000	0.714244  	1360.000000	0.699725  	1360.000000	0.708037  	1360.000000	8.02222e-05	
1380.000000	0.603741  	1380.000000	0.706989  	1380.000000	0.712905  	1380.000000	0.698404  	1380.000000	0.70691   	1380.000000	7.91435e-05	
1400.000000	0.602877  	1400.000000	0.705927  	1400.000000	0.711625  	1400.000000	0.697141  	1400.000000	0.705849  	1400.000000	7.80944e-05	
1420.000000	0.602074  	1420.000000	0.70493   	1420.000000	0.710402  	1420.000000	0.695935  	1420.000000	0.704852  	1420.000000	7.70737e-05	
1440.000000	0.601332  	1440.000000	0.703993  	1440.000000	0.709234  	1440.000000	0.694781  	1440.000000	0.703917  	1440.000000	7.60802e-05	
1460.000000	0.600647  	1460.000000	0.703116  	1460.000000	0.708117  	1460.000000	0.693679  	1460.000000	0.703041  	1460.000000	7.5113e-05	
1480.000000	0.600018  	1480.000000	0.702295  	1480.000000	0.70705   	1480.000000	0.692625  	1480.000000	0.702221  	1480.000000	7.41709e-05	
1500.000000	0.599442  	1500.000000	0.701529  	1500.000000	0.70603   	1500.000000	0.691617  	1500.000000	0.701456  	1500.000000	7.32529e-05	
1520.000000	0.598918  	1520.000000	0.700815  	1520.000000	0.705055  	1520.000000	0.690654  	1520.000000	0.700743  	1520.000000	7.23582e-05	
1540.000000	0.598444  	1540.000000	0.700152  	1540.000000	0.704121  	1540.000000	0.689734  	1540.000000	0.70008   	1540.000000	7.14858e-05	
1560.000000	0.598017  	1560.000000	0.699536  	1560.000000	0.703228  	1560.000000	0.688854  	1560.000000	0.699466  	1560.000000	7.06349e-05	
1580.000000	0.597637  	1580.000000	0.698967  	1580.000000	0.702372  	1580.000000	0.688014  	1580.000000	0.698898  	1580.000000	6.98048e-05	
1600.000000	0.597302  	1600.000000	0.698443  	1600.000000	0.701553  	1600.000000	0.687211  	1600.000000	0.698374  	1600.000000	6.89946e-05	
1620.000000	0.59701   	1620.000000	0.697963  	1620.000000	0.700767  	1620.000000	0.686443  	1620.000000	0.697894  	1620.000000	6.82036e-05	
1640.000000	0.596759  	1640.000000	0.697523  	1640.000000	0.700016  	1640.000000	0.68571   	1640.000000	0.697456  	1640.000000	6.74312e-05	
1660.000000	0.596549  	1660.000000	0.697124  	1660.000000	0.699296  	1660.000000	0.68501   	1660.000000	0.697058  	1660.000000	6.66767e-05	
1680.000000	0.596378  	1680.000000	0.696764  	1680.000000	0.698608  	1680.000000	0.684341  	1680.000000	0.696698  	1680.000000	6.59395e-05	
1700.000000	0.596245  	1700.000000	0.696441  	1700.000000	0.697951  	1700.000000	0.683703  	1700.000000	0.696376  	1700.000000	6.52189e-05	
1750.000000	0.596069  	1750.000000	0.695789  	1750.000000	0.696436  	1750.000000	0.682233  	1750.000000	0.695725  	1750.000000	6.34869e-05	
1800.000000	0.596105  	1800.000000	0.695343  	1800.000000	0.695094  	1800.000000	0.680928  	1800.000000	0.695281  	1800.000000	6.18475e-05	
1850.000000	0.596337  	1850.000000	0.695088  	1850.000000	0.693909  	1850.000000	0.679772  	1850.000000	0.695028  	1850.000000	6.02935e-05	
1900.000000	0.596751  	1900.000000	0.695008  	1900.000000	0.692868  	1900.000000	0.678752  	1900.000000	0.694949  	1900.000000	5.88181e-05	
1950.000000	0.597334  	1950.000000	0.69509   	1950.000000	0.691953  	1950.000000	0.677856  	1950.000000	0.695033  	1950.000000	5.74156e-05	
2000.000000	0.598075  	2000.000000	0.695322  	2000.000000	0.691153  	2000.000000	0.677073  	2000.000000	0.695266  	2000.000000	5.60807e-05	
2100.000000	0.59999   	2100.000000	0.696193  	2100.000000	0.689852  	2100.000000	0.675808  	2100.000000	0.69614   	2100.000000	5.35944e-05	
2200.000000	0.602425  	2200.000000	0.697545  	2200.000000	0.688896  	2200.000000	0.674888  	2200.000000	0.697494  	2200.000000	5.13261e-05	
2300.000000	0.605319  	2300.000000	0.699316  	2300.000000	0.688229  	2300.000000	0.674259  	2300.000000	0.699266  	2300.000000	4.92478e-05	
2400.000000	0.608623  	2400.000000	0.701452  	2400.000000	0.687809  	2400.000000	0.673876  	2400.000000	0.701405  	2400.000000	4.73365e-05	
2500.000000	0.612293  	2500.000000	0.70391   	2500.000000	0.687598  	2500.000000	0.673703  	2500.000000	0.703864  	2500.000000	4.55725e-05	
2600.000000	0.616294  	2600.000000	0.706653  	2600.000000	0.687569  	2600.000000	0.673706  	2600.000000	0.706609  	2600.000000	4.39394e-05	
2700.000000	0.620595  	2700.000000	0.709648  	2700.000000	0.687697  	2700.000000	0.673862  	2700.000000	0.709605  	2700.000000	4.24229e-05	
2800.000000	0.625169  	2800.000000	0.712868  	2800.000000	0.68796   	2800.000000	0.674147  	2800.000000	0.712827  	2800.000000	4.10108e-05	
2900.000000	0.629992  	2900.000000	0.716289  	2900.000000	0.688339  	2900.000000	0.674544  	2900.000000	0.716249  	2900.000000	3.96926e-05	
3000.000000	0.635045  	3000.000000	0.719892  	3000.000000	0.688818  	3000.000000	0.675037  	3000.000000	0.719853  	3000.000000	3.84592e-05	
3200.000000	0.645772  	3200.000000	0.72757   	3200.000000	0.690016  	3200.000000	0.676256  	3200.000000	0.727534  	3200.000000	3.62155e-05	
3400.000000	0.65723   	3400.000000	0.735785  	3400.000000	0.691455  	3400.000000	0.67772   	3400.000000	0.735751  	3400.000000	3.42266e-05	
3600.000000	0.669327  	3600.000000	0.744444  	3600.000000	0.693065  	3600.000000	0.679363  	3600.000000	0.744411  	3600.000000	3.2451e-05	
3800.000000	0.681991  	3800.000000	0.753474  	3800.000000	0.694799  	3800.000000	0.681139  	3800.000000	0.753443  	3800.000000	3.08559e-05	
4000.000000	0.69516   	4000.000000	0.762817  	4000.000000	0.696622  	4000.000000	0.683009  	4000.000000	0.762788  	4000.000000	2.94149e-05	
4200.000000	0.708788  	4200.000000	0.772426  	4200.000000	0.698515  	4200.000000	0.684946  	4200.000000	0.772398  	4200.000000	2.81063e-05	
4400.000000	0.722834  	4400.000000	0.782263  	4400.000000	0.700461  	4400.000000	0.686928  	4400.000000	0.782236  	4400.000000	2.69126e-05	
4600.000000	0.737264  	4600.000000	0.792295  	4600.000000	0.702443  	4600.000000	0.688939  	4600.000000	0.792269  	4600.000000	2.58191e-05	
4800.000000	0.752052  	4800.000000	0.802496  	4800.000000	0.704449  	4800.000000	0.690965  	4800.000000	0.802471  	4800.000000	2.48137e-05	
5000.000000	0.767173  	5000.000000	0.812844  	5000.000000	0.706469  	5000.000000	0.692996  	5000.000000	0.812821  	5000.000000	2.38859e-05	
5250.000000	0.786513  	5250.000000	0.825958  	5250.000000	0.708998  	5250.000000	0.695531  	5250.000000	0.825935  	5250.000000	2.28222e-05	
5500.000000	0.806309  	5500.000000	0.839242  	5500.000000	0.711521  	5500.000000	0.69805   	5500.000000	0.83922   	5500.000000	2.18519e-05	
6000.000000	0.847169  	6000.000000	0.866224  	6000.000000	0.716495  	6000.000000	0.703007  	6000.000000	0.866204  	6000.000000	2.01459e-05	
6500.000000	0.88958   	6500.000000	0.893636  	6500.000000	0.721283  	6500.000000	0.707825  	6500.000000	0.893618  	6500.000000	1.86939e-05	
7000.000000	0.933421  	7000.000000	0.921369  	7000.000000	0.72591   	7000.000000	0.712483  	7000.000000	0.921352  	7000.000000	1.74426e-05	
7500.000000	0.978599  	7500.000000	0.949343  	7500.000000	0.730328  	7500.000000	0.716972  	7500.000000	0.949327  	7500.000000	1.63528e-05	
8000.000000	1.02505   	8000.000000	0.977501  	8000.000000	0.73462   	8000.000000	0.721292  	8000.000000	0.977485  	8000.000000	1.53947e-05	
8500.000000	1.07271   	8500.000000	1.0058    	8500.000000	0.738763  	8500.000000	0.725446  	8500.000000	1.00578   	8500.000000	1.45457e-05	
9000.000000	1.12155   	9000.000000	1.0342    	9000.000000	0.742736  	9000.000000	0.72944   	9000.000000	1.03419   	9000.000000	1.3788e-05	
9500.000000	1.17153   	9500.000000	1.06268   	9500.000000	0.746552  	9500.000000	0.733282  	9500.000000	1.06267   	9500.000000	1.31074e-05	
10000.000000	1.22263   	10000.000000	1.09122   	10000.000000	0.750225  	10000.000000	0.736978  	10000.000000	1.09121   	10000.000000	1.24928e-05	
11000.000000	1.32811   	11000.000000	1.14842   	11000.000000	0.757162  	11000.000000	0.743969  	11000.000000	1.14841   	11000.000000	1.14258e-05	
12000.000000	1.43785   	12000.000000	1.20571   	12000.000000	0.763602  	12000.000000	0.750472  	12000.000000	1.2057    	12000.000000	1.05312e-05	
13000.000000	1.55177   	13000.000000	1.26301   	13000.000000	0.769596  	13000.000000	0.756541  	13000.000000	1.263     	13000.000000	9.7699e-06	
14000.000000	1.66983   	14000.000000	1.3203    	14000.000000	0.775194  	14000.000000	0.762225  	14000.000000	1.32029   	14000.000000	9.11404e-06	
15000.000000	1.79198   	15000.000000	1.37755   	15000.000000	0.780443  	15000.000000	0.767565  	15000.000000	1.37754   	15000.000000	8.54292e-06	
16000.000000	1.91819   	16000.000000	1.43473   	16000.000000	0.785386  	16000.000000	0.772597  	16000.000000	1.43472   	16000.000000	8.04098e-06	
17000.000000	2.04847   	17000.000000	1.49184   	17000.000000	0.790057  	17000.000000	0.777353  	17000.000000	1.49183   	17000.000000	7.59627e-06	
18000.000000	2.18279   	18000.000000	1.54886   	18000.000000	0.794483  	18000.000000	0.781859  	18000.000000	1.54886   	18000.000000	7.19945e-06	
19000.000000	2.32116   	19000.000000	1.6058    	19000.000000	0.798689  	19000.000000	0.786139  	19000.000000	1.6058    	19000.000000	6.8431e-06	
20000.000000	2.46357   	20000.000000	1.66265   	20000.000000	0.802696  	20000.000000	0.790214  	20000.000000	1.66265   	20000.000000	6.52129e-06	
21000.000000	2.61005   	21000.000000	1.71941   	21000.000000	0.80651   	21000.000000	0.794101  	21000.000000	1.7194    	21000.000000	6.22918e-06	
22000.000000	2.76058   	22000.000000	1.77607   	22000.000000	0.810122  	22000.000000	0.797816  	22000.000000	1.77607   	22000.000000	5.96281e-06	
23000.000000	2.91519   	23000.000000	1.83264   	23000.000000	0.813569  	23000.000000	0.801374  	23000.000000	1.83264   	23000.000000	5.71889e-06	
24000.000000	3.07389   	24000.000000	1.88912   	24000.000000	0.816872  	24000.000000	0.804786  	24000.000000	1.88912   	24000.000000	5.49466e-06	
25000.000000	3.23668   	25000.000000	1.94551   	25000.000000	0.820041  	25000.000000	0.808064  	25000.000000	1.9455    	25000.000000	5.28783e-06	
26000.000000	3.40359   	26000.000000	2.00181   	26000.000000	0.823082  	26000.000000	0.811217  	26000.000000	2.0018    	26000.000000	5.09642e-06	
27000.000000	3.57463   	27000.000000	2.05802   	27000.000000	0.826003  	27000.000000	0.814254  	27000.000000	2.05801   	27000.000000	4.91875e-06	
28000.000000	3.74983   	28000.000000	2.11414   	28000.000000	0.828809  	28000.000000	0.817184  	28000.000000	2.11414   	28000.000000	4.75338e-06	
29000.000000	3.92918   	29000.000000	2.17018   	29000.000000	0.831506  	29000.000000	0.820013  	29000.000000	2.17017   	29000.000000	4.59907e-06	
30000.000000	4.11272   	30000.000000	2.22613   	30000.000000	0.834105  	30000.000000	0.822748  	30000.000000	2.22613   	30000.000000	4.45473e-06	
32000.000000	4.49244   	32000.000000	2.3378    	32000.000000	0.839042  	32000.000000	0.827959  	32000.000000	2.3378    	32000.000000	4.19231e-06	
34000.000000	4.88912   	34000.000000	2.44916   	34000.000000	0.843672  	34000.000000	0.832858  	34000.000000	2.44915   	34000.000000	3.95985e-06	
36000.000000	5.30295   	36000.000000	2.56021   	36000.000000	0.848005  	36000.000000	0.837479  	36000.000000	2.56021   	36000.000000	3.75245e-06	
38000.000000	5.73409   	38000.000000	2.67098   	38000.000000	0.852063  	38000.000000	0.841852  	38000.000000	2.67098   	38000.000000	3.56624e-06	
40000.000000	6.18272   	40000.000000	2.78148   	40000.000000	0.855877  	40000.000000	0.846002  	40000.000000	2.78148   	40000.000000	3.3981e-06	
42000.000000	6.64902   	42000.000000	2.89172   	42000.000000	0.859477  	42000.000000	0.849949  	42000.000000	2.89171   	42000.000000	3.2455e-06	
44000.000000	7.13316   	44000.000000	3.0017    	44000.000000	0.862891  	44000.000000	0.853713  	44000.000000	3.0017    	44000.000000	3.10636e-06	
46000.000000	7.63535   	46000.000000	3.11145   	46000.000000	0.866142  	46000.000000	0.85731   	46000.000000	3.11145   	46000.000000	2.97897e-06	
48000.000000	8.15576   	48000.000000	3.22096   	48000.000000	0.869239  	48000.000000	0.860753  	48000.000000	3.22096   	48000.000000	2.86188e-06	
50000.000000	8.69458   	50000.000000	3.33025   	50000.000000	0.872178  	50000.000000	0.864055  	50000.000000	3.33025   	50000.000000	2.75388e-06	
